           0            0            0            0            0            0            0            0            0            0            0            0            0            0            0            0
           0  -0.00440197  -0.00265697  0.000919963   0.00547979    0.0101809    0.0142423    0.0170256    0.0181126    0.0173607     0.014923    0.0112282   0.00692679   0.00281371 -0.000246882            0
           0  -0.00265697    0.0115448    0.0337311    0.0602407    0.0868987      0.10959     0.124852     0.130379     0.125369     0.110642    0.0885165    0.0624737    0.0366446      0.01522            0
           0  0.000919963    0.0337311     0.083369     0.142114     0.200955     0.250921     0.284427     0.296413     0.285111     0.252311     0.203095     0.145068    0.0872209    0.0385796            0
           0   0.00547979    0.0602407     0.142114     0.238646     0.335178     0.417069     0.471917     0.491442     0.472746     0.418755     0.337775     0.242236     0.146807    0.0661669            0
           0    0.0101809    0.0868987     0.200955     0.335178     0.469289        0.583     0.659112     0.686139     0.660058     0.584925     0.472259     0.339295     0.206356    0.0937595            0
           0    0.0142423      0.10959     0.250921     0.417069        0.583     0.723648     0.817759     0.851131      0.81879     0.725747     0.586243     0.421576     0.256855     0.117172            0
           0    0.0170256     0.124852     0.284427     0.471917     0.659112     0.817759     0.923892     0.961499      0.92497     0.819956     0.662511     0.476649     0.290675     0.132868            0
           0    0.0181126     0.130379     0.296413     0.491442     0.686139     0.851131     0.961499      1.00059     0.962584     0.853343     0.689564     0.496213     0.302723     0.138493            0
           0    0.0173607     0.125369     0.285111     0.472746     0.660058      0.81879      0.92497     0.962584      0.92602      0.82093     0.663373     0.477365      0.29122     0.133222            0
           0     0.014923     0.110642     0.252311     0.418755     0.584925     0.725747     0.819956     0.853343      0.82093     0.727734     0.587999     0.423036     0.257966     0.117893            0
           0    0.0112282    0.0885165     0.203095     0.337775     0.472259     0.586243     0.662511     0.689564     0.663373     0.587999     0.474975     0.341551     0.208071    0.0948735            0
           0   0.00692679    0.0624737     0.145068     0.242236     0.339295     0.421576     0.476649     0.496213     0.477365     0.423036     0.341551     0.245369     0.149187    0.0677134            0
           0   0.00281371    0.0366446    0.0872209     0.146807     0.206356     0.256855     0.290675     0.302723      0.29122     0.257966     0.208071     0.149187    0.0903463    0.0406137            0
           0 -0.000246882      0.01522    0.0385796    0.0661669    0.0937595     0.117172     0.132868     0.138493     0.133222     0.117893    0.0948735    0.0677134    0.0406137    0.0178142            0
           0            0            0            0            0            0            0            0            0            0            0            0            0            0            0            0
