           0            0            0            0            0            0            0            0            0            0            0            0            0            0            0            0
           0  -0.00436753  -0.00260372  0.000990034   0.00556408    0.0102762    0.0143452    0.0171323     0.018219    0.0174631    0.0150175    0.0113115   0.00699583   0.00286606 -0.000213064            0
           0  -0.00260372    0.0116273    0.0338397    0.0603714    0.0870465      0.10975     0.125017     0.130544     0.125528     0.110788    0.0886455    0.0625806    0.0367256    0.0152722            0
           0  0.000990034    0.0338397     0.083512     0.142287      0.20115     0.251131     0.284644      0.29663      0.28532     0.252504     0.203265     0.145209    0.0873276    0.0386484            0
           0   0.00556408    0.0603714     0.142287     0.238854     0.335413     0.417322     0.472179     0.491704     0.472998     0.418987     0.337979     0.242406     0.146935    0.0662496            0
           0    0.0102762    0.0870465      0.20115     0.335413     0.469554     0.583286     0.659408     0.686435     0.660343     0.585188     0.472491     0.339487     0.206502    0.0938531            0
           0    0.0143452      0.10975     0.251131     0.417322     0.583286     0.723957     0.818078      0.85145     0.819097     0.726031     0.586493     0.421783     0.257012     0.117273            0
           0    0.0171323     0.125017     0.284644     0.472179     0.659408     0.818078     0.924223      0.96183     0.925288     0.820249      0.66277     0.476863     0.290837     0.132973            0
           0     0.018219     0.130544      0.29663     0.491704     0.686435      0.85145      0.96183      1.00092     0.962901     0.853636     0.689822     0.496427     0.302885     0.138597            0
           0    0.0174631     0.125528      0.28532     0.472998     0.660343     0.819097     0.925288     0.962901     0.926325     0.821212     0.663621     0.477571     0.291376     0.133323            0
           0    0.0150175     0.110788     0.252504     0.418987     0.585188     0.726031     0.820249     0.853636     0.821212     0.727994     0.588229     0.423226      0.25811     0.117986            0
           0    0.0113115    0.0886455     0.203265     0.337979     0.472491     0.586493      0.66277     0.689822     0.663621     0.588229     0.475177     0.341719     0.208198    0.0949552            0
           0   0.00699583    0.0625806     0.145209     0.242406     0.339487     0.421783     0.476863     0.496427     0.477571     0.423226     0.341719     0.245508     0.149292    0.0677812            0
           0   0.00286606    0.0367256    0.0873276     0.146935     0.206502     0.257012     0.290837     0.302885     0.291376      0.25811     0.208198     0.149292     0.090426     0.040665            0
           0 -0.000213064    0.0152722    0.0386484    0.0662496    0.0938531     0.117273     0.132973     0.138597     0.133323     0.117986    0.0949552    0.0677812     0.040665    0.0178474            0
           0            0            0            0            0            0            0            0            0            0            0            0            0            0            0            0
