           0            0            0            0            0            0            0            0            0            0            0            0            0            0            0            0
           0  -0.00439711  -0.00264945   0.00092986   0.00549171    0.0101944    0.0142569    0.0170408    0.0181277    0.0173753    0.0149365    0.0112401   0.00693667   0.00282121 -0.000242034            0
           0  -0.00264945    0.0115564    0.0337465    0.0602592    0.0869196     0.109613     0.124875     0.130403     0.125392     0.110663    0.0885349     0.062489    0.0366562    0.0152275            0
           0   0.00092986    0.0337465    0.0833892     0.142139     0.200983     0.250951     0.284458     0.296444     0.285141     0.252339     0.203119     0.145088    0.0872362    0.0385895            0
           0   0.00549171    0.0602592     0.142139     0.238676     0.335212     0.417105     0.471955      0.49148     0.472782     0.418788     0.337804     0.242261     0.146825    0.0661788            0
           0    0.0101944    0.0869196     0.200983     0.335212     0.469327      0.58304     0.659154     0.686182     0.660099     0.584963     0.472293     0.339323     0.206377     0.093773            0
           0    0.0142569     0.109613     0.250951     0.417105      0.58304     0.723692     0.817804     0.851177     0.818834     0.725788     0.586279     0.421606     0.256878     0.117186            0
           0    0.0170408     0.124875     0.284458     0.471955     0.659154     0.817804     0.923939     0.961546     0.925016     0.819998     0.662548     0.476679     0.290698     0.132883            0
           0    0.0181277     0.130403     0.296444      0.49148     0.686182     0.851177     0.961546      1.00064      0.96263     0.853385     0.689601     0.496244     0.302747     0.138508            0
           0    0.0173753     0.125392     0.285141     0.472782     0.660099     0.818834     0.925016      0.96263     0.926064     0.820971     0.663409     0.477395     0.291243     0.133237            0
           0    0.0149365     0.110663     0.252339     0.418788     0.584963     0.725788     0.819998     0.853385     0.820971     0.727771     0.588033     0.423063     0.257987     0.117906            0
           0    0.0112401    0.0885349     0.203119     0.337804     0.472293     0.586279     0.662548     0.689601     0.663409     0.588033     0.475004     0.341575      0.20809    0.0948854            0
           0   0.00693667     0.062489     0.145088     0.242261     0.339323     0.421606     0.476679     0.496244     0.477395     0.423063     0.341575     0.245389     0.149202    0.0677233            0
           0   0.00282121    0.0366562    0.0872362     0.146825     0.206377     0.256878     0.290698     0.302747     0.291243     0.257987      0.20809     0.149202    0.0903579    0.0406212            0
           0 -0.000242034    0.0152275    0.0385895    0.0661788     0.093773     0.117186     0.132883     0.138508     0.133237     0.117906    0.0948854    0.0677233    0.0406212     0.017819            0
           0            0            0            0            0            0            0            0            0            0            0            0            0            0            0            0
