           0            0            0            0            0            0            0            0            0            0            0            0            0            0            0            0
           0  -0.00440147   -0.0026562  0.000920974   0.00548101    0.0101822    0.0142438    0.0170272    0.0181142    0.0173622    0.0149244    0.0112294    0.0069278   0.00281448 -0.000246386            0
           0   -0.0026562     0.011546    0.0337327    0.0602426    0.0869008     0.109592     0.124854     0.130381     0.125372     0.110644    0.0885184    0.0624752    0.0366457    0.0152207            0
           0  0.000920974    0.0337327     0.083371     0.142117     0.200958     0.250924      0.28443     0.296416     0.285114     0.252314     0.203097      0.14507    0.0872224    0.0385807            0
           0   0.00548101    0.0602426     0.142117     0.238649     0.335182     0.417073     0.471921     0.491446      0.47275     0.418758     0.337778     0.242239     0.146809    0.0661681            0
           0    0.0101822    0.0869008     0.200958     0.335182     0.469293     0.583004     0.659116     0.686144     0.660063     0.584929     0.472263     0.339298     0.206358    0.0937609            0
           0    0.0142438     0.109592     0.250924     0.417073     0.583004     0.723653     0.817763     0.851136     0.818794     0.725752     0.586247     0.421579     0.256858     0.117173            0
           0    0.0170272     0.124854      0.28443     0.471921     0.659116     0.817763     0.923897     0.961504     0.924975      0.81996     0.662515     0.476652     0.290677      0.13287            0
           0    0.0181142     0.130381     0.296416     0.491446     0.686144     0.851136     0.961504       1.0006     0.962589     0.853347     0.689567     0.496217     0.302726     0.138494            0
           0    0.0173622     0.125372     0.285114      0.47275     0.660063     0.818794     0.924975     0.962589     0.926025     0.820935     0.663377     0.477368     0.291222     0.133224            0
           0    0.0149244     0.110644     0.252314     0.418758     0.584929     0.725752      0.81996     0.853347     0.820935     0.727738     0.588003     0.423038     0.257968     0.117894            0
           0    0.0112294    0.0885184     0.203097     0.337778     0.472263     0.586247     0.662515     0.689567     0.663377     0.588003     0.474978     0.341554     0.208073    0.0948748            0
           0    0.0069278    0.0624752      0.14507     0.242239     0.339298     0.421579     0.476652     0.496217     0.477368     0.423038     0.341554     0.245371     0.149188    0.0677144            0
           0   0.00281448    0.0366457    0.0872224     0.146809     0.206358     0.256858     0.290677     0.302726     0.291222     0.257968     0.208073     0.149188    0.0903475    0.0406144            0
           0 -0.000246386    0.0152207    0.0385807    0.0661681    0.0937609     0.117173      0.13287     0.138494     0.133224     0.117894    0.0948748    0.0677144    0.0406144    0.0178147            0
           0            0            0            0            0            0            0            0            0            0            0            0            0            0            0            0
