           0            0            0            0            0            0            0            0            0            0            0            0            0            0            0            0
           0  -0.00429984  -0.00249931    0.0011269   0.00572785    0.0104604    0.0145426    0.0173353    0.0184203    0.0176553    0.0151939    0.0114661   0.00712341   0.00296245 -0.000150961            0
           0  -0.00249931    0.0117886    0.0340513    0.0606246    0.0873312     0.110055     0.125331     0.130855     0.125825     0.111061    0.0888843    0.0627777    0.0368744    0.0153679            0
           0    0.0011269    0.0340513    0.0837896     0.142619     0.201523     0.251531     0.285056     0.297038     0.285709     0.252861     0.203577     0.145467    0.0875225    0.0387737            0
           0   0.00572785    0.0606246     0.142619     0.239251     0.335859     0.417801     0.472671     0.492191     0.473463     0.419414     0.338353     0.242714     0.147168    0.0663993            0
           0    0.0104604    0.0873312     0.201523     0.335859     0.470056     0.583823     0.659962     0.686983     0.660866     0.585667     0.472911     0.339834     0.206763    0.0940212            0
           0    0.0145426     0.110055     0.251531     0.417801     0.583823     0.724533     0.818671     0.852037     0.819656     0.726544     0.586943     0.422154     0.257292     0.117452            0
           0    0.0173353     0.125331     0.285056     0.472671     0.659962     0.818671     0.924832     0.962433     0.925863     0.820777     0.663232     0.477244     0.291125     0.133158            0
           0    0.0184203     0.130855     0.297038     0.492191     0.686983     0.852037     0.962433      1.00152     0.963471     0.854158     0.690279     0.496805      0.30317      0.13878            0
           0    0.0176553     0.125825     0.285709     0.473463     0.660866     0.819656     0.925863     0.963471     0.926869      0.82171     0.664057     0.477931     0.291647     0.133497            0
           0    0.0151939     0.111061     0.252861     0.419414     0.585667     0.726544     0.820777     0.854158      0.82171     0.728451     0.588628     0.423555     0.258358     0.118146            0
           0    0.0114661    0.0888843     0.203577     0.338353     0.472911     0.586943     0.663232     0.690279     0.664057     0.588628     0.475527     0.342007     0.208416    0.0950953            0
           0   0.00712341    0.0627777     0.145467     0.242714     0.339834     0.422154     0.477244     0.496805     0.477931     0.423555     0.342007     0.245746     0.149471    0.0678967            0
           0   0.00296245    0.0368744    0.0875225     0.147168     0.206763     0.257292     0.291125      0.30317     0.291647     0.258358     0.208416     0.149471    0.0905616    0.0407523            0
           0 -0.000150961    0.0153679    0.0387737    0.0663993    0.0940212     0.117452     0.133158      0.13878     0.133497     0.118146    0.0950953    0.0678967    0.0407523    0.0179036            0
           0            0            0            0            0            0            0            0            0            0            0            0            0            0            0            0
