           0            0            0            0            0            0            0            0            0            0            0            0            0            0            0            0
           0  -0.00440224  -0.00265739  0.000919409   0.00547912    0.0101801    0.0142415    0.0170248    0.0181118    0.0173599    0.0149222    0.0112276   0.00692623   0.00281329 -0.000247154            0
           0  -0.00265739    0.0115441    0.0337303    0.0602397    0.0868975     0.109589      0.12485     0.130378     0.125368     0.110641    0.0885154    0.0624728    0.0366439    0.0152195            0
           0  0.000919409    0.0337303    0.0833678     0.142113     0.200954     0.250919     0.284425     0.296411     0.285109      0.25231     0.203093     0.145067      0.08722    0.0385791            0
           0   0.00547912    0.0602397     0.142113     0.238645     0.335177     0.417067     0.471915      0.49144     0.472744     0.418753     0.337773     0.242235     0.146806    0.0661662            0
           0    0.0101801    0.0868975     0.200954     0.335177     0.469287     0.582997      0.65911     0.686137     0.660056     0.584923     0.472258     0.339294     0.206355    0.0937587            0
           0    0.0142415     0.109589     0.250919     0.417067     0.582997     0.723646     0.817756     0.851128     0.818787     0.725745     0.586241     0.421574     0.256854     0.117171            0
           0    0.0170248      0.12485     0.284425     0.471915      0.65911     0.817756     0.923889     0.961496     0.924967     0.819953     0.662509     0.476647     0.290673     0.132867            0
           0    0.0181118     0.130378     0.296411      0.49144     0.686137     0.851128     0.961496      1.00059     0.962581      0.85334     0.689562     0.496212     0.302722     0.138492            0
           0    0.0173599     0.125368     0.285109     0.472744     0.660056     0.818787     0.924967     0.962581     0.926018     0.820928     0.663371     0.477364     0.291219     0.133222            0
           0    0.0149222     0.110641      0.25231     0.418753     0.584923     0.725745     0.819953      0.85334     0.820928     0.727732     0.587997     0.423034     0.257964     0.117892            0
           0    0.0112276    0.0885154     0.203093     0.337773     0.472258     0.586241     0.662509     0.689562     0.663371     0.587997     0.474973      0.34155      0.20807    0.0948729            0
           0   0.00692623    0.0624728     0.145067     0.242235     0.339294     0.421574     0.476647     0.496212     0.477364     0.423034      0.34155     0.245368     0.149186    0.0677129            0
           0   0.00281329    0.0366439      0.08722     0.146806     0.206355     0.256854     0.290673     0.302722     0.291219     0.257964      0.20807     0.149186    0.0903456    0.0406133            0
           0 -0.000247154    0.0152195    0.0385791    0.0661662    0.0937587     0.117171     0.132867     0.138492     0.133222     0.117892    0.0948729    0.0677129    0.0406133    0.0178139            0
           0            0            0            0            0            0            0            0            0            0            0            0            0            0            0            0
