           0            0            0            0            0            0            0            0            0            0            0            0            0            0            0            0
           0  -0.00439362  -0.00264406   0.00093696   0.00550026     0.010204    0.0142674    0.0170516    0.0181386    0.0173858    0.0149461    0.0112486   0.00694374   0.00282658 -0.000238567            0
           0  -0.00264406    0.0115648    0.0337575    0.0602725    0.0869346     0.109629     0.124892     0.130419     0.125408     0.110678    0.0885481    0.0624999    0.0366645    0.0152328            0
           0   0.00093696    0.0337575    0.0834037     0.142156     0.201003     0.250972      0.28448     0.296466     0.285162     0.252358     0.203136     0.145103    0.0872471    0.0385966            0
           0   0.00550026    0.0602725     0.142156     0.238697     0.335236     0.417131     0.471981     0.491506     0.472808     0.418812     0.337825     0.242278     0.146838    0.0661873            0
           0     0.010204    0.0869346     0.201003     0.335236     0.469354     0.583069     0.659185     0.686212     0.660128     0.584989     0.472316     0.339343     0.206392    0.0937826            0
           0    0.0142674     0.109629     0.250972     0.417131     0.583069     0.723724     0.817837     0.851209     0.818865     0.725817     0.586305     0.421627     0.256894     0.117197            0
           0    0.0170516     0.124892      0.28448     0.471981     0.659185     0.817837     0.923973      0.96158     0.925048     0.820028     0.662575     0.476702     0.290715     0.132894            0
           0    0.0181386     0.130419     0.296466     0.491506     0.686212     0.851209      0.96158      1.00068     0.962662     0.853415     0.689628     0.496266     0.302763     0.138519            0
           0    0.0173858     0.125408     0.285162     0.472808     0.660128     0.818865     0.925048     0.962662     0.926095        0.821     0.663434     0.477416     0.291259     0.133247            0
           0    0.0149461     0.110678     0.252358     0.418812     0.584989     0.725817     0.820028     0.853415        0.821     0.727798     0.588056     0.423083     0.258001     0.117916            0
           0    0.0112486    0.0885481     0.203136     0.337825     0.472316     0.586305     0.662575     0.689628     0.663434     0.588056     0.475025     0.341593     0.208103    0.0948939            0
           0   0.00694374    0.0624999     0.145103     0.242278     0.339343     0.421627     0.476702     0.496266     0.477416     0.423083     0.341593     0.245403     0.149213    0.0677303            0
           0   0.00282658    0.0366645    0.0872471     0.146838     0.206392     0.256894     0.290715     0.302763     0.291259     0.258001     0.208103     0.149213    0.0903662    0.0406265            0
           0 -0.000238567    0.0152328    0.0385966    0.0661873    0.0937826     0.117197     0.132894     0.138519     0.133247     0.117916    0.0948939    0.0677303    0.0406265    0.0178224            0
           0            0            0            0            0            0            0            0            0            0            0            0            0            0            0            0
