           0            0            0            0            0            0            0            0            0            0            0            0            0            0            0            0
           0  -0.00440185  -0.00265679  0.000920193   0.00548007    0.0101812    0.0142427     0.017026     0.018113    0.0173611    0.0149233    0.0112285   0.00692702   0.00281389 -0.000246769            0
           0  -0.00265679    0.0115451    0.0337315    0.0602412    0.0868992     0.109591     0.124852      0.13038      0.12537     0.110642    0.0885169     0.062474    0.0366448    0.0152201            0
           0  0.000920193    0.0337315    0.0833694     0.142115     0.200956     0.250922     0.284427     0.296413     0.285111     0.252312     0.203095     0.145068    0.0872212    0.0385799            0
           0   0.00548007    0.0602412     0.142115     0.238647     0.335179      0.41707     0.471918     0.491443     0.472747     0.418755     0.337775     0.242237     0.146807    0.0661672            0
           0    0.0101812    0.0868992     0.200956     0.335179      0.46929     0.583001     0.659113      0.68614     0.660059     0.584926      0.47226     0.339296     0.206357    0.0937598            0
           0    0.0142427     0.109591     0.250922      0.41707     0.583001     0.723649      0.81776     0.851132     0.818791     0.725748     0.586244     0.421577     0.256856     0.117172            0
           0     0.017026     0.124852     0.284427     0.471918     0.659113      0.81776     0.923893       0.9615     0.924971     0.819957     0.662512     0.476649     0.290675     0.132868            0
           0     0.018113      0.13038     0.296413     0.491443      0.68614     0.851132       0.9615       1.0006     0.962585     0.853344     0.689565     0.496214     0.302724     0.138493            0
           0    0.0173611      0.12537     0.285111     0.472747     0.660059     0.818791     0.924971     0.962585     0.926021     0.820931     0.663374     0.477366     0.291221     0.133223            0
           0    0.0149233     0.110642     0.252312     0.418755     0.584926     0.725748     0.819957     0.853344     0.820931     0.727735        0.588     0.423036     0.257966     0.117893            0
           0    0.0112285    0.0885169     0.203095     0.337775      0.47226     0.586244     0.662512     0.689565     0.663374        0.588     0.474976     0.341552     0.208072    0.0948738            0
           0   0.00692702     0.062474     0.145068     0.242237     0.339296     0.421577     0.476649     0.496214     0.477366     0.423036     0.341552     0.245369     0.149187    0.0677137            0
           0   0.00281389    0.0366448    0.0872212     0.146807     0.206357     0.256856     0.290675     0.302724     0.291221     0.257966     0.208072     0.149187    0.0903466    0.0406139            0
           0 -0.000246769    0.0152201    0.0385799    0.0661672    0.0937598     0.117172     0.132868     0.138493     0.133223     0.117893    0.0948738    0.0677137    0.0406139    0.0178143            0
           0            0            0            0            0            0            0            0            0            0            0            0            0            0            0            0
