          0           0           0           0           0           0           0           0           0           0           0           0           0           0           0           0
          0 -0.00225802 0.000516317  0.00487312  0.00999633    0.015079   0.0193629   0.0222196   0.0232341   0.0222649   0.0194667   0.0152714   0.0103314   0.0054417  0.00146719           0
          0 0.000516317   0.0161709   0.0393805   0.0665618   0.0936208    0.116501    0.131775    0.137155    0.131843    0.116658   0.0939117   0.0670686   0.0402382   0.0175919           0
          0  0.00487312   0.0393805   0.0900947    0.149434     0.20853    0.258522    0.291898    0.303638    0.291988    0.258729    0.208916    0.150108   0.0912383   0.0412793           0
          0  0.00999633   0.0665618    0.149434    0.246366    0.342909    0.424591    0.479125    0.498298    0.479235    0.424845    0.343383    0.247199    0.150859   0.0689502           0
          0    0.015079   0.0936208     0.20853    0.342909    0.476755    0.590004    0.665616    0.692193    0.665743      0.5903    0.477308    0.343887    0.210215   0.0964751           0
          0   0.0193629    0.116501    0.258522    0.424591    0.590004    0.729969    0.823416    0.856258    0.823557    0.730296     0.59062    0.425685    0.260419    0.119744           0
          0   0.0222196    0.131775    0.291898    0.479125    0.665616    0.823416    0.928772    0.965797    0.928922    0.823763    0.666272    0.480294    0.293934    0.135273           0
          0   0.0232341    0.137155    0.303638    0.498298    0.692193    0.856258    0.965797     1.00429    0.965949    0.856611    0.692861    0.499491    0.305719    0.140738           0
          0   0.0222649    0.131843    0.291988    0.479235    0.665743    0.823557    0.928922    0.965949     0.92907    0.823902    0.666394    0.480396    0.294013    0.135326           0
          0   0.0194667    0.116658    0.258729    0.424845      0.5903    0.730296    0.823763    0.856611    0.823902    0.730617    0.590905    0.425922    0.260602    0.119866           0
          0   0.0152714   0.0939117    0.208916    0.343383    0.477308     0.59062    0.666272    0.692861    0.666394    0.590905    0.477843    0.344332    0.210557   0.0967047           0
          0   0.0103314   0.0670686    0.150108    0.247199    0.343887    0.425685    0.480294    0.499491    0.480396    0.425922    0.344332    0.247987    0.151463   0.0693542           0
          0   0.0054417   0.0402382   0.0912383    0.150859    0.210215    0.260419    0.293934    0.305719    0.294013    0.260602    0.210557    0.151463   0.0922718   0.0419713           0
          0  0.00146719   0.0175919   0.0412793   0.0689502   0.0964751    0.119744    0.135273    0.140738    0.135326    0.119866   0.0967047   0.0693542   0.0419713   0.0187546           0
          0           0           0           0           0           0           0           0           0           0           0           0           0           0           0           0
