          0           0           0           0           0           0           0           0           0           0           0           0           0           0           0           0
          0 -0.00434307 -0.00256595  0.00103963  0.00562357   0.0103433   0.0144173   0.0172067    0.018293   0.0175339   0.0150827   0.0113688  0.00704319   0.0029019 -0.00018995           0
          0 -0.00256595   0.0116857   0.0339165   0.0604635   0.0871504    0.109861    0.125132    0.130658    0.125638    0.110889   0.0887342   0.0626539    0.036781   0.0153079           0
          0  0.00103963   0.0339165   0.0836129    0.142408    0.201286    0.251278    0.284796     0.29678    0.285464    0.252637    0.203381    0.145305   0.0874004   0.0386952           0
          0  0.00562357   0.0604635    0.142408    0.238999    0.335576    0.417498    0.472361    0.491884     0.47317    0.419146    0.338119    0.242521    0.147022   0.0663057           0
          0   0.0103433   0.0871504    0.201286    0.335576    0.469739    0.583484    0.659613    0.686639    0.660538    0.585367    0.472648    0.339617      0.2066   0.0939163           0
          0   0.0144173    0.109861    0.251278    0.417498    0.583484     0.72417    0.818298    0.851669    0.819306    0.726223    0.586662    0.421923    0.257118     0.11734           0
          0   0.0172067    0.125132    0.284796    0.472361    0.659613    0.818298     0.92445    0.962055    0.925504    0.820448    0.662944    0.477007    0.290946    0.133043           0
          0    0.018293    0.130658     0.29678    0.491884    0.686639    0.851669    0.962055     1.00115    0.963116    0.853833    0.689995    0.496571    0.302994    0.138667           0
          0   0.0175339    0.125638    0.285464     0.47317    0.660538    0.819306    0.925504    0.963116    0.926531    0.821401    0.663787    0.477708    0.291479    0.133389           0
          0   0.0150827    0.110889    0.252637    0.419146    0.585367    0.726223    0.820448    0.853833    0.821401    0.728168    0.588381    0.423352    0.258205    0.118047           0
          0   0.0113688   0.0887342    0.203381    0.338119    0.472648    0.586662    0.662944    0.689995    0.663787    0.588381    0.475311    0.341829    0.208282   0.0950091           0
          0  0.00704319   0.0626539    0.145305    0.242521    0.339617    0.421923    0.477007    0.496571    0.477708    0.423352    0.341829    0.245599    0.149361   0.0678257           0
          0   0.0029019    0.036781   0.0874004    0.147022      0.2066    0.257118    0.290946    0.302994    0.291479    0.258205    0.208282    0.149361   0.0904782   0.0406987           0
          0 -0.00018995   0.0153079   0.0386952   0.0663057   0.0939163     0.11734    0.133043    0.138667    0.133389    0.118047   0.0950091   0.0678257   0.0406987   0.0178691           0
          0           0           0           0           0           0           0           0           0           0           0           0           0           0           0           0
