           0            0            0            0            0            0            0            0            0            0            0            0            0            0            0            0
           0   -0.0043778   -0.0026196  0.000969156   0.00553899    0.0102479    0.0143147    0.0171007    0.0181875    0.0174328    0.0149896     0.011287    0.0069755   0.00285067 -0.000223005            0
           0   -0.0026196    0.0116027    0.0338074    0.0603325    0.0870026     0.109702     0.124968     0.130495     0.125481     0.110745    0.0886075    0.0625492    0.0367018    0.0152569            0
           0  0.000969156    0.0338074    0.0834695     0.142235     0.201092     0.251069      0.28458     0.296566     0.285258     0.252447     0.203215     0.145167    0.0872963    0.0386282            0
           0   0.00553899    0.0603325     0.142235     0.238792     0.335343     0.417247     0.472102     0.491627     0.472923     0.418918     0.337919     0.242356     0.146897    0.0662254            0
           0    0.0102479    0.0870026     0.201092     0.335343     0.469475     0.583201     0.659321     0.686348     0.660259      0.58511     0.472423     0.339431     0.206459    0.0938257            0
           0    0.0143147     0.109702     0.251069     0.417247     0.583201     0.723866     0.817984     0.851356     0.819006     0.725948      0.58642     0.421722     0.256966     0.117243            0
           0    0.0171007     0.124968      0.28458     0.472102     0.659321     0.817984     0.924126     0.961733     0.925195     0.820163     0.662694       0.4768      0.29079     0.132942            0
           0    0.0181875     0.130495     0.296566     0.491627     0.686348     0.851356     0.961733      1.00083     0.962808      0.85355     0.689746     0.496365     0.302838     0.138567            0
           0    0.0174328     0.125481     0.285258     0.472923     0.660259     0.819006     0.925195     0.962808     0.926236      0.82113     0.663549     0.477511     0.291331     0.133294            0
           0    0.0149896     0.110745     0.252447     0.418918      0.58511     0.725948     0.820163      0.85355      0.82113     0.727918     0.588162      0.42317     0.258068     0.117959            0
           0     0.011287    0.0886075     0.203215     0.337919     0.472423      0.58642     0.662694     0.689746     0.663549     0.588162     0.475118      0.34167     0.208161    0.0949315            0
           0    0.0069755    0.0625492     0.145167     0.242356     0.339431     0.421722       0.4768     0.496365     0.477511      0.42317      0.34167     0.245467     0.149261    0.0677615            0
           0   0.00285067    0.0367018    0.0872963     0.146897     0.206459     0.256966      0.29079     0.302838     0.291331     0.258068     0.208161     0.149261    0.0904029    0.0406502            0
           0 -0.000223005    0.0152569    0.0386282    0.0662254    0.0938257     0.117243     0.132942     0.138567     0.133294     0.117959    0.0949315    0.0677615    0.0406502    0.0178377            0
           0            0            0            0            0            0            0            0            0            0            0            0            0            0            0            0
