           0            0            0            0            0            0            0            0            0            0            0            0            0            0            0            0
           0  -0.00440205  -0.00265709  0.000919801    0.0054796    0.0101806    0.0142421    0.0170254    0.0181124    0.0173605    0.0149228     0.011228   0.00692662   0.00281359 -0.000246962            0
           0  -0.00265709    0.0115446    0.0337309    0.0602404    0.0868983      0.10959     0.124851     0.130379     0.125369     0.110641    0.0885162    0.0624734    0.0366444    0.0152198            0
           0  0.000919801    0.0337309    0.0833686     0.142114     0.200955     0.250921     0.284426     0.296412      0.28511     0.252311     0.203094     0.145068    0.0872206    0.0385795            0
           0    0.0054796    0.0602404     0.142114     0.238646     0.335178     0.417069     0.471917     0.491442     0.472746     0.418754     0.337774     0.242236     0.146806    0.0661667            0
           0    0.0101806    0.0868983     0.200955     0.335178     0.469288     0.582999     0.659111     0.686139     0.660058     0.584924     0.472259     0.339295     0.206356    0.0937593            0
           0    0.0142421      0.10959     0.250921     0.417069     0.582999     0.723647     0.817758      0.85113     0.818789     0.725747     0.586243     0.421576     0.256855     0.117171            0
           0    0.0170254     0.124851     0.284426     0.471917     0.659111     0.817758     0.923891     0.961498     0.924969     0.819955     0.662511     0.476648     0.290674     0.132868            0
           0    0.0181124     0.130379     0.296412     0.491442     0.686139      0.85113     0.961498      1.00059     0.962583     0.853342     0.689563     0.496213     0.302723     0.138492            0
           0    0.0173605     0.125369      0.28511     0.472746     0.660058     0.818789     0.924969     0.962583     0.926019      0.82093     0.663372     0.477365      0.29122     0.133222            0
           0    0.0149228     0.110641     0.252311     0.418754     0.584924     0.725747     0.819955     0.853342      0.82093     0.727733     0.587999     0.423035     0.257965     0.117893            0
           0     0.011228    0.0885162     0.203094     0.337774     0.472259     0.586243     0.662511     0.689563     0.663372     0.587999     0.474975     0.341551     0.208071    0.0948733            0
           0   0.00692662    0.0624734     0.145068     0.242236     0.339295     0.421576     0.476648     0.496213     0.477365     0.423035     0.341551     0.245369     0.149186    0.0677133            0
           0   0.00281359    0.0366444    0.0872206     0.146806     0.206356     0.256855     0.290674     0.302723      0.29122     0.257965     0.208071     0.149186    0.0903461    0.0406136            0
           0 -0.000246962    0.0152198    0.0385795    0.0661667    0.0937593     0.117171     0.132868     0.138492     0.133222     0.117893    0.0948733    0.0677133    0.0406136    0.0178141            0
           0            0            0            0            0            0            0            0            0            0            0            0            0            0            0            0
