           0            0            0            0            0            0            0            0            0            0            0            0            0            0            0            0
           0  -0.00421962  -0.00237607   0.00128734   0.00591815    0.0106722    0.0147672    0.0175641    0.0186448    0.0178678    0.0153875    0.0116347   0.00726193   0.00306674 -8.39589e-05            0
           0  -0.00237607    0.0119783    0.0342983    0.0609175    0.0876571       0.1104     0.125682       0.1312     0.126151     0.111358     0.089143    0.0629901    0.0370342    0.0154704            0
           0   0.00128734    0.0342983    0.0841111        0.143     0.201947      0.25198     0.285512     0.297485     0.286132     0.253247     0.203913     0.145742    0.0877296    0.0389064            0
           0   0.00591815    0.0609175        0.143     0.239702     0.336361     0.418332     0.473211      0.49272     0.473963     0.419869     0.338749     0.243039     0.147412    0.0665559            0
           0    0.0106722    0.0876571     0.201947     0.336361     0.470613     0.584413      0.66056      0.68757      0.66142     0.586171     0.473349     0.340193     0.207033    0.0941943            0
           0    0.0147672       0.1104      0.25198     0.418332     0.584413     0.725156     0.819303     0.852656     0.820241     0.727075     0.587404     0.422532     0.257577     0.117635            0
           0    0.0175641     0.125682     0.285512     0.473211      0.66056     0.819303     0.925473      0.96306     0.926455     0.821314     0.663699     0.477627     0.291412     0.133342            0
           0    0.0186448       0.1312     0.297485      0.49272      0.68757     0.852656      0.96306      1.00213     0.964049     0.854682     0.690734     0.497178      0.30345      0.13896            0
           0    0.0178678     0.126151     0.286132     0.473963      0.66142     0.820241     0.926455     0.964049     0.927413     0.822204     0.664486     0.478282     0.291911     0.133666            0
           0    0.0153875     0.111358     0.253247     0.419869     0.586171     0.727075     0.821314     0.854682     0.822204     0.728898     0.589017     0.423873     0.258597     0.118299            0
           0    0.0116347     0.089143     0.203913     0.338749     0.473349     0.587404     0.663699     0.690734     0.664486     0.589017     0.475864     0.342283     0.208623    0.0952281            0
           0   0.00726193    0.0629901     0.145742     0.243039     0.340193     0.422532     0.477627     0.497178     0.478282     0.423873     0.342283     0.245971     0.149641    0.0680054            0
           0   0.00306674    0.0370342    0.0877296     0.147412     0.207033     0.257577     0.291412      0.30345     0.291911     0.258597     0.208623     0.149641    0.0906889     0.040834            0
           0 -8.39589e-05    0.0154704    0.0389064    0.0665559    0.0941943     0.117635     0.133342      0.13896     0.133666     0.118299    0.0952281    0.0680054     0.040834    0.0179561            0
           0            0            0            0            0            0            0            0            0            0            0            0            0            0            0            0
