           0            0            0            0            0            0            0            0            0            0            0            0            0            0            0            0
           0  -0.00439199  -0.00264154  0.000940276   0.00550425    0.0102086    0.0142723    0.0170567    0.0181437    0.0173906    0.0149506    0.0112526   0.00694703   0.00282907 -0.000236952            0
           0  -0.00264154    0.0115687    0.0337626    0.0602787    0.0869416     0.109637       0.1249     0.130427     0.125416     0.110685    0.0885543     0.062505    0.0366684    0.0152353            0
           0  0.000940276    0.0337626    0.0834105     0.142164     0.201012     0.250982      0.28449     0.296476     0.285172     0.252368     0.203144     0.145109    0.0872523    0.0385999            0
           0   0.00550425    0.0602787     0.142164     0.238707     0.335247     0.417143     0.471994     0.491519      0.47282     0.418823     0.337835     0.242286     0.146844    0.0661912            0
           0    0.0102086    0.0869416     0.201012     0.335247     0.469366     0.583083     0.659199     0.686226     0.660142     0.585002     0.472327     0.339352     0.206399    0.0937871            0
           0    0.0142723     0.109637     0.250982     0.417143     0.583083     0.723738     0.817852     0.851225      0.81888     0.725831     0.586317     0.421637     0.256902     0.117201            0
           0    0.0170567       0.1249      0.28449     0.471994     0.659199     0.817852     0.923989     0.961596     0.925064     0.820042     0.662587     0.476712     0.290723     0.132899            0
           0    0.0181437     0.130427     0.296476     0.491519     0.686226     0.851225     0.961596      1.00069     0.962678     0.853429      0.68964     0.496277     0.302771     0.138524            0
           0    0.0173906     0.125416     0.285172      0.47282     0.660142      0.81888     0.925064     0.962678      0.92611     0.821014     0.663446     0.477426     0.291266     0.133252            0
           0    0.0149506     0.110685     0.252368     0.418823     0.585002     0.725831     0.820042     0.853429     0.821014     0.727811     0.588067     0.423092     0.258008      0.11792            0
           0    0.0112526    0.0885543     0.203144     0.337835     0.472327     0.586317     0.662587      0.68964     0.663446     0.588067     0.475035     0.341601     0.208109    0.0948978            0
           0   0.00694703     0.062505     0.145109     0.242286     0.339352     0.421637     0.476712     0.496277     0.477426     0.423092     0.341601      0.24541     0.149218    0.0677336            0
           0   0.00282907    0.0366684    0.0872523     0.146844     0.206399     0.256902     0.290723     0.302771     0.291266     0.258008     0.208109     0.149218      0.09037     0.040629            0
           0 -0.000236952    0.0152353    0.0385999    0.0661912    0.0937871     0.117201     0.132899     0.138524     0.133252      0.11792    0.0948978    0.0677336     0.040629     0.017824            0
           0            0            0            0            0            0            0            0            0            0            0            0            0            0            0            0
