           0            0            0            0            0            0            0            0            0            0            0            0            0            0            0            0
           0  -0.00439792  -0.00265071  0.000928202   0.00548972    0.0101921    0.0142545    0.0170383    0.0181252    0.0173729    0.0149342    0.0112381   0.00693502   0.00281996 -0.000242844            0
           0  -0.00265071    0.0115545    0.0337439    0.0602561    0.0869161     0.109609     0.124871     0.130399     0.125388     0.110659    0.0885318    0.0624864    0.0366542    0.0152262            0
           0  0.000928202    0.0337439    0.0833858     0.142135     0.200978     0.250946     0.284452     0.296439     0.285136     0.252334     0.203115     0.145085    0.0872336    0.0385879            0
           0   0.00548972    0.0602561     0.142135     0.238671     0.335206     0.417099     0.471948     0.491473     0.472776     0.418782     0.337799     0.242256     0.146822    0.0661768            0
           0    0.0101921    0.0869161     0.200978     0.335206      0.46932     0.583033     0.659147     0.686175     0.660092     0.584956     0.472287     0.339318     0.206374    0.0937707            0
           0    0.0142545     0.109609     0.250946     0.417099     0.583033     0.723685     0.817797     0.851169     0.818826     0.725781     0.586273     0.421601     0.256874     0.117184            0
           0    0.0170383     0.124871     0.284452     0.471948     0.659147     0.817797     0.923931     0.961539     0.925008     0.819991     0.662542     0.476674     0.290694     0.132881            0
           0    0.0181252     0.130399     0.296439     0.491473     0.686175     0.851169     0.961539      1.00063     0.962622     0.853378     0.689595     0.496239     0.302743     0.138505            0
           0    0.0173729     0.125388     0.285136     0.472776     0.660092     0.818826     0.925008     0.962622     0.926057     0.820964     0.663403      0.47739     0.291239     0.133234            0
           0    0.0149342     0.110659     0.252334     0.418782     0.584956     0.725781     0.819991     0.853378     0.820964     0.727765     0.588027     0.423059     0.257983     0.117904            0
           0    0.0112381    0.0885318     0.203115     0.337799     0.472287     0.586273     0.662542     0.689595     0.663403     0.588027     0.474999     0.341571     0.208087    0.0948834            0
           0   0.00693502    0.0624864     0.145085     0.242256     0.339318     0.421601     0.476674     0.496239      0.47739     0.423059     0.341571     0.245386     0.149199    0.0677216            0
           0   0.00281996    0.0366542    0.0872336     0.146822     0.206374     0.256874     0.290694     0.302743     0.291239     0.257983     0.208087     0.149199     0.090356    0.0406199            0
           0 -0.000242844    0.0152262    0.0385879    0.0661768    0.0937707     0.117184     0.132881     0.138505     0.133234     0.117904    0.0948834    0.0677216    0.0406199    0.0178182            0
           0            0            0            0            0            0            0            0            0            0            0            0            0            0            0            0
