           0            0            0            0            0            0            0            0            0            0            0            0            0            0            0            0
           0  -0.00438172  -0.00262565  0.000961194   0.00552942     0.010237     0.014303    0.0170886    0.0181755    0.0174212    0.0149789    0.0112775   0.00696769   0.00284475 -0.000226828            0
           0  -0.00262565    0.0115933     0.033795    0.0603177    0.0869858     0.109684     0.124949     0.130476     0.125463     0.110728    0.0885929    0.0625371    0.0366926     0.015251            0
           0  0.000961194     0.033795    0.0834532     0.142216      0.20107     0.251045     0.284555     0.296541     0.285234     0.252425     0.203195     0.145151    0.0872842    0.0386205            0
           0   0.00552942    0.0603177     0.142216     0.238769     0.335317     0.417219     0.472072     0.491597     0.472895     0.418892     0.337896     0.242337     0.146883     0.066216            0
           0     0.010237    0.0869858      0.20107     0.335317     0.469445     0.583169     0.659287     0.686315     0.660227     0.585081     0.472397     0.339409     0.206443    0.0938151            0
           0     0.014303     0.109684     0.251045     0.417219     0.583169     0.723831     0.817948      0.85132     0.818972     0.725916     0.586392     0.421699     0.256949     0.117232            0
           0    0.0170886     0.124949     0.284555     0.472072     0.659287     0.817948     0.924088     0.961695     0.925159      0.82013     0.662665     0.476776     0.290771      0.13293            0
           0    0.0181755     0.130476     0.296541     0.491597     0.686315      0.85132     0.961695      1.00079     0.962773     0.853517     0.689717     0.496341      0.30282     0.138555            0
           0    0.0174212     0.125463     0.285234     0.472895     0.660227     0.818972     0.925159     0.962773     0.926201     0.821098     0.663521     0.477488     0.291313     0.133282            0
           0    0.0149789     0.110728     0.252425     0.418892     0.585081     0.725916      0.82013     0.853517     0.821098     0.727889     0.588136     0.423149     0.258052     0.117948            0
           0    0.0112775    0.0885929     0.203195     0.337896     0.472397     0.586392     0.662665     0.689717     0.663521     0.588136     0.475096     0.341651     0.208147    0.0949224            0
           0   0.00696769    0.0625371     0.145151     0.242337     0.339409     0.421699     0.476776     0.496341     0.477488     0.423149     0.341651     0.245452     0.149249    0.0677539            0
           0   0.00284475    0.0366926    0.0872842     0.146883     0.206443     0.256949     0.290771      0.30282     0.291313     0.258052     0.208147     0.149249    0.0903939    0.0406444            0
           0 -0.000226828     0.015251    0.0386205     0.066216    0.0938151     0.117232      0.13293     0.138555     0.133282     0.117948    0.0949224    0.0677539    0.0406444     0.017834            0
           0            0            0            0            0            0            0            0            0            0            0            0            0            0            0            0
