           0            0            0            0            0            0            0            0            0            0            0            0            0            0            0            0
           0  -0.00440208  -0.00265714  0.000919738   0.00547952    0.0101805     0.014242    0.0170253    0.0181123    0.0173604    0.0149227     0.011228   0.00692656   0.00281354 -0.000246992            0
           0  -0.00265714    0.0115445    0.0337308    0.0602403    0.0868982      0.10959     0.124851     0.130378     0.125369     0.110641    0.0885161    0.0624733    0.0366443    0.0152198            0
           0  0.000919738    0.0337308    0.0833685     0.142114     0.200955      0.25092     0.284426     0.296412      0.28511      0.25231     0.203094     0.145067    0.0872205    0.0385794            0
           0   0.00547952    0.0602403     0.142114     0.238646     0.335178     0.417069     0.471916     0.491441     0.472745     0.418754     0.337774     0.242236     0.146806    0.0661666            0
           0    0.0101805    0.0868982     0.200955     0.335178     0.469288     0.582999     0.659111     0.686139     0.660057     0.584924     0.472259     0.339295     0.206356    0.0937592            0
           0     0.014242      0.10959      0.25092     0.417069     0.582999     0.723647     0.817758      0.85113     0.818789     0.725746     0.586243     0.421575     0.256855     0.117171            0
           0    0.0170253     0.124851     0.284426     0.471916     0.659111     0.817758     0.923891     0.961498     0.924969     0.819955      0.66251     0.476648     0.290674     0.132868            0
           0    0.0181123     0.130378     0.296412     0.491441     0.686139      0.85113     0.961498      1.00059     0.962583     0.853342     0.689563     0.496213     0.302723     0.138492            0
           0    0.0173604     0.125369      0.28511     0.472745     0.660057     0.818789     0.924969     0.962583     0.926019     0.820929     0.663372     0.477364      0.29122     0.133222            0
           0    0.0149227     0.110641      0.25231     0.418754     0.584924     0.725746     0.819955     0.853342     0.820929     0.727733     0.587999     0.423035     0.257965     0.117893            0
           0     0.011228    0.0885161     0.203094     0.337774     0.472259     0.586243      0.66251     0.689563     0.663372     0.587999     0.474974     0.341551     0.208071    0.0948733            0
           0   0.00692656    0.0624733     0.145067     0.242236     0.339295     0.421575     0.476648     0.496213     0.477364     0.423035     0.341551     0.245368     0.149186    0.0677132            0
           0   0.00281354    0.0366443    0.0872205     0.146806     0.206356     0.256855     0.290674     0.302723      0.29122     0.257965     0.208071     0.149186     0.090346    0.0406135            0
           0 -0.000246992    0.0152198    0.0385794    0.0661666    0.0937592     0.117171     0.132868     0.138492     0.133222     0.117893    0.0948733    0.0677132    0.0406135    0.0178141            0
           0            0            0            0            0            0            0            0            0            0            0            0            0            0            0            0
