           0            0            0            0            0            0            0            0            0            0            0            0            0            0            0            0
           0  -0.00417823  -0.00231271   0.00136933   0.00601467    0.0107788    0.0148793    0.0176773    0.0187552    0.0179718    0.0154819    0.0117167   0.00732922   0.00311737 -5.14587e-05            0
           0  -0.00231271    0.0120754     0.034424    0.0610653    0.0878202     0.110571     0.125855     0.131368      0.12631     0.111502     0.089268    0.0630926    0.0371113    0.0155197            0
           0   0.00136933     0.034424    0.0842736     0.143191     0.202158     0.252201     0.285735     0.297702     0.286336     0.253431     0.204073     0.145874    0.0878284    0.0389697            0
           0   0.00601467    0.0610653     0.143191     0.239927     0.336608      0.41859     0.473472     0.492973     0.474201     0.420084     0.338936     0.243192     0.147527    0.0666294            0
           0    0.0107788    0.0878202     0.202158     0.336608     0.470884     0.584697     0.660845     0.687846     0.661679     0.586406     0.473552      0.34036     0.207158    0.0942745            0
           0    0.0148793     0.110571     0.252201      0.41859     0.584697     0.725452       0.8196     0.852943      0.82051     0.727319     0.587615     0.422705     0.257706     0.117718            0
           0    0.0176773     0.125855     0.285735     0.473472     0.660845       0.8196     0.925771     0.963347     0.926724     0.821557     0.663909     0.477798     0.291541     0.133425            0
           0    0.0187552     0.131368     0.297702     0.492973     0.687846     0.852943     0.963347      1.00241     0.964308     0.854916     0.690936     0.497343     0.303574     0.139039            0
           0    0.0179718      0.12631     0.286336     0.474201     0.661679      0.82051     0.926724     0.964308     0.927654     0.822422     0.664674     0.478435     0.292026      0.13374            0
           0    0.0154819     0.111502     0.253431     0.420084     0.586406     0.727319     0.821557     0.854916     0.822422     0.729094     0.589186     0.424011     0.258701     0.118365            0
           0    0.0117167     0.089268     0.204073     0.338936     0.473552     0.587615     0.663909     0.690936     0.664674     0.589186     0.476009     0.342402     0.208712    0.0952852            0
           0   0.00732922    0.0630926     0.145874     0.243192      0.34036     0.422705     0.477798     0.497343     0.478435     0.424011     0.342402     0.246068     0.149713     0.068052            0
           0   0.00311737    0.0371113    0.0878284     0.147527     0.207158     0.257706     0.291541     0.303574     0.292026     0.258701     0.208712     0.149713    0.0907434    0.0408689            0
           0 -5.14587e-05    0.0155197    0.0389697    0.0666294    0.0942745     0.117718     0.133425     0.139039      0.13374     0.118365    0.0952852     0.068052    0.0408689    0.0179786            0
           0            0            0            0            0            0            0            0            0            0            0            0            0            0            0            0
