           0            0            0            0            0            0            0            0            0            0            0            0            0            0            0            0
           0  -0.00440042  -0.00265457  0.000923119   0.00548359    0.0101852     0.014247    0.0170305    0.0181174    0.0173654    0.0149273     0.011232   0.00692994   0.00281611 -0.000245334            0
           0  -0.00265457    0.0115485     0.033736    0.0602466    0.0869054     0.109597     0.124859     0.130387     0.125377     0.110648    0.0885224    0.0624785    0.0366483    0.0152224            0
           0  0.000923119     0.033736    0.0833754     0.142122     0.200964     0.250931     0.284437     0.296423      0.28512      0.25232     0.203102     0.145074    0.0872258    0.0385828            0
           0   0.00548359    0.0602466     0.142122     0.238656     0.335189     0.417081     0.471929     0.491454     0.472758     0.418765     0.337784     0.242244     0.146813    0.0661707            0
           0    0.0101852    0.0869054     0.200964     0.335189     0.469301     0.583013     0.659126     0.686153     0.660071     0.584937      0.47227     0.339304     0.206363    0.0937638            0
           0     0.014247     0.109597     0.250931     0.417081     0.583013     0.723662     0.817773     0.851146     0.818804      0.72576     0.586255     0.421586     0.256863     0.117176            0
           0    0.0170305     0.124859     0.284437     0.471929     0.659126     0.817773     0.923907     0.961514     0.924985     0.819969     0.662523     0.476658     0.290682     0.132873            0
           0    0.0181174     0.130387     0.296423     0.491454     0.686153     0.851146     0.961514      1.00061     0.962599     0.853356     0.689576     0.496223     0.302731     0.138497            0
           0    0.0173654     0.125377      0.28512     0.472758     0.660071     0.818804     0.924985     0.962599     0.926034     0.820943     0.663384     0.477375     0.291227     0.133227            0
           0    0.0149273     0.110648      0.25232     0.418765     0.584937      0.72576     0.819969     0.853356     0.820943     0.727746      0.58801     0.423044     0.257972     0.117897            0
           0     0.011232    0.0885224     0.203102     0.337784      0.47227     0.586255     0.662523     0.689576     0.663384      0.58801     0.474984     0.341559     0.208077    0.0948773            0
           0   0.00692994    0.0624785     0.145074     0.242244     0.339304     0.421586     0.476658     0.496223     0.477375     0.423044     0.341559     0.245375     0.149191    0.0677166            0
           0   0.00281611    0.0366483    0.0872258     0.146813     0.206363     0.256863     0.290682     0.302731     0.291227     0.257972     0.208077     0.149191      0.09035    0.0406161            0
           0 -0.000245334    0.0152224    0.0385828    0.0661707    0.0937638     0.117176     0.132873     0.138497     0.133227     0.117897    0.0948773    0.0677166    0.0406161    0.0178157            0
           0            0            0            0            0            0            0            0            0            0            0            0            0            0            0            0
