           0            0            0            0            0            0            0            0            0            0            0            0            0            0            0            0
           0  -0.00438775  -0.00263498  0.000948922   0.00551466    0.0102203     0.014285    0.0170699    0.0181568    0.0174033    0.0149623    0.0112629    0.0069556   0.00283557 -0.000232754            0
           0  -0.00263498    0.0115789     0.033776    0.0602948    0.0869599     0.109656      0.12492     0.130448     0.125435     0.110703    0.0885703    0.0625183    0.0366784    0.0152418            0
           0  0.000948922     0.033776    0.0834282     0.142186     0.201036     0.251008     0.284517     0.296503     0.285198     0.252392     0.203166     0.145127    0.0872655    0.0386084            0
           0   0.00551466    0.0602948     0.142186     0.238732     0.335276     0.417174     0.472026     0.491551     0.472851     0.418851      0.33786     0.242307      0.14686    0.0662015            0
           0    0.0102203    0.0869599     0.201036     0.335276     0.469399     0.583118     0.659236     0.686263     0.660177     0.585035     0.472356     0.339376     0.206417    0.0937987            0
           0     0.014285     0.109656     0.251008     0.417174     0.583118     0.723777     0.817892     0.851264     0.818918     0.725866     0.586348     0.421663     0.256921     0.117214            0
           0    0.0170699      0.12492     0.284517     0.472026     0.659236     0.817892      0.92403     0.961637     0.925103     0.820079      0.66262     0.476738     0.290743     0.132912            0
           0    0.0181568     0.130448     0.296503     0.491551     0.686263     0.851264     0.961637      1.00073     0.962717     0.853466     0.689672     0.496303     0.302791     0.138537            0
           0    0.0174033     0.125435     0.285198     0.472851     0.660177     0.818918     0.925103     0.962717     0.926148     0.821049     0.663477     0.477452     0.291286     0.133265            0
           0    0.0149623     0.110703     0.252392     0.418851     0.585035     0.725866     0.820079     0.853466     0.821049     0.727843     0.588096     0.423116     0.258026     0.117932            0
           0    0.0112629    0.0885703     0.203166      0.33786     0.472356     0.586348      0.66262     0.689672     0.663477     0.588096      0.47506     0.341622     0.208125     0.094908            0
           0    0.0069556    0.0625183     0.145127     0.242307     0.339376     0.421663     0.476738     0.496303     0.477452     0.423116     0.341622     0.245427     0.149231    0.0677421            0
           0   0.00283557    0.0366784    0.0872655      0.14686     0.206417     0.256921     0.290743     0.302791     0.291286     0.258026     0.208125     0.149231      0.09038    0.0406354            0
           0 -0.000232754    0.0152418    0.0386084    0.0662015    0.0937987     0.117214     0.132912     0.138537     0.133265     0.117932     0.094908    0.0677421    0.0406354    0.0178282            0
           0            0            0            0            0            0            0            0            0            0            0            0            0            0            0            0
