           0            0            0            0            0            0            0            0            0            0            0            0            0            0            0            0
           0  -0.00427861  -0.00246664   0.00116955   0.00577862    0.0105171     0.014603    0.0173971    0.0184811     0.017713    0.0152467    0.0115121   0.00716127   0.00299099 -0.000132616            0
           0  -0.00246664     0.011839    0.0341171    0.0607029    0.0874187     0.110148     0.125426     0.130949     0.125914     0.111142    0.0889552    0.0628359    0.0369183     0.015396            0
           0   0.00116955    0.0341171    0.0838755     0.142721     0.201637     0.251653      0.28518      0.29716     0.285825     0.252967      0.20367     0.145543    0.0875796    0.0388103            0
           0   0.00577862    0.0607029     0.142721     0.239373     0.335995     0.417945     0.472819     0.492336     0.473601     0.419539     0.338463     0.242804     0.147236    0.0664427            0
           0    0.0105171    0.0874187     0.201637     0.335995     0.470208     0.583985     0.660126     0.687145     0.661019     0.585807     0.473033     0.339934     0.206839    0.0940695            0
           0     0.014603     0.110148     0.251653     0.417945     0.583985     0.724704     0.818846     0.852209     0.819819     0.726693     0.587072      0.42226     0.257372     0.117504            0
           0    0.0173971     0.125426      0.28518     0.472819     0.660126     0.818846      0.92501     0.962608     0.926029     0.820928     0.663364     0.477352     0.291206      0.13321            0
           0    0.0184811     0.130949      0.29716     0.492336     0.687145     0.852209     0.962608      1.00169     0.963634     0.854307     0.690408     0.496911      0.30325     0.138831            0
           0     0.017713     0.125914     0.285825     0.473601     0.661019     0.819819     0.926029     0.963634     0.927023     0.821851      0.66418     0.478031     0.291723     0.133546            0
           0    0.0152467     0.111142     0.252967     0.419539     0.585807     0.726693     0.820928     0.854307     0.821851     0.728579      0.58874     0.423647     0.258427      0.11819            0
           0    0.0115121    0.0889552      0.20367     0.338463     0.473033     0.587072     0.663364     0.690408      0.66418      0.58874     0.475624     0.342087     0.208476    0.0951336            0
           0   0.00716127    0.0628359     0.145543     0.242804     0.339934      0.42226     0.477352     0.496911     0.478031     0.423647     0.342087     0.245811      0.14952    0.0679282            0
           0   0.00299099    0.0369183    0.0875796     0.147236     0.206839     0.257372     0.291206      0.30325     0.291723     0.258427     0.208476      0.14952    0.0905985     0.040776            0
           0 -0.000132616     0.015396    0.0388103    0.0664427    0.0940695     0.117504      0.13321     0.138831     0.133546      0.11819    0.0951336    0.0679282     0.040776    0.0179188            0
           0            0            0            0            0            0            0            0            0            0            0            0            0            0            0            0
