           0            0            0            0            0            0            0            0            0            0            0            0            0            0            0            0
           0  -0.00439918  -0.00265266  0.000925635   0.00548662    0.0101886    0.0142507    0.0170343    0.0181213    0.0173691    0.0149307    0.0112351   0.00693245   0.00281801 -0.000244101            0
           0  -0.00265266    0.0115515    0.0337399    0.0602513    0.0869107     0.109603     0.124865     0.130392     0.125382     0.110654    0.0885271    0.0624824    0.0366512    0.0152243            0
           0  0.000925635    0.0337399    0.0833806     0.142128     0.200971     0.250938     0.284444      0.29643     0.285128     0.252327     0.203109      0.14508    0.0872297    0.0385853            0
           0   0.00548662    0.0602513     0.142128     0.238663     0.335197      0.41709     0.471939     0.491464     0.472767     0.418774     0.337791      0.24225     0.146817    0.0661737            0
           0    0.0101886    0.0869107     0.200971     0.335197      0.46931     0.583023     0.659136     0.686164     0.660082     0.584946     0.472279     0.339311     0.206368    0.0937672            0
           0    0.0142507     0.109603     0.250938      0.41709     0.583023     0.723673     0.817785     0.851157     0.818815     0.725771     0.586264     0.421593     0.256868      0.11718            0
           0    0.0170343     0.124865     0.284444     0.471939     0.659136     0.817785     0.923919     0.961526     0.924996      0.81998     0.662533     0.476666     0.290688     0.132877            0
           0    0.0181213     0.130392      0.29643     0.491464     0.686164     0.851157     0.961526      1.00062      0.96261     0.853367     0.689585     0.496231     0.302737     0.138501            0
           0    0.0173691     0.125382     0.285128     0.472767     0.660082     0.818815     0.924996      0.96261     0.926045     0.820954     0.663394     0.477382     0.291233     0.133231            0
           0    0.0149307     0.110654     0.252327     0.418774     0.584946     0.725771      0.81998     0.853367     0.820954     0.727755     0.588018     0.423051     0.257978     0.117901            0
           0    0.0112351    0.0885271     0.203109     0.337791     0.472279     0.586264     0.662533     0.689585     0.663394     0.588018     0.474992     0.341565     0.208082    0.0948804            0
           0   0.00693245    0.0624824      0.14508      0.24225     0.339311     0.421593     0.476666     0.496231     0.477382     0.423051     0.341565      0.24538     0.149195    0.0677191            0
           0   0.00281801    0.0366512    0.0872297     0.146817     0.206368     0.256868     0.290688     0.302737     0.291233     0.257978     0.208082     0.149195     0.090353     0.040618            0
           0 -0.000244101    0.0152243    0.0385853    0.0661737    0.0937672      0.11718     0.132877     0.138501     0.133231     0.117901    0.0948804    0.0677191     0.040618    0.0178169            0
           0            0            0            0            0            0            0            0            0            0            0            0            0            0            0            0
