           0            0            0            0            0            0            0            0            0            0            0            0            0            0            0            0
           0  -0.00440132  -0.00265597  0.000921269   0.00548137    0.0101826    0.0142443    0.0170276    0.0181146    0.0173627    0.0149248    0.0112298   0.00692809    0.0028147 -0.000246241            0
           0  -0.00265597    0.0115463    0.0337331    0.0602432    0.0869014     0.109593     0.124855     0.130382     0.125372     0.110644    0.0885189    0.0624757    0.0366461     0.015221            0
           0  0.000921269    0.0337331    0.0833716     0.142118     0.200959     0.250925     0.284431     0.296417     0.285115     0.252315     0.203098     0.145071    0.0872229    0.0385809            0
           0   0.00548137    0.0602432     0.142118      0.23865     0.335183     0.417074     0.471922     0.491447     0.472751     0.418759     0.337778     0.242239     0.146809    0.0661685            0
           0    0.0101826    0.0869014     0.200959     0.335183     0.469294     0.583005     0.659118     0.686145     0.660064      0.58493     0.472264     0.339299     0.206359    0.0937613            0
           0    0.0142443     0.109593     0.250925     0.417074     0.583005     0.723654     0.817765     0.851137     0.818795     0.725753     0.586248      0.42158     0.256858     0.117174            0
           0    0.0170276     0.124855     0.284431     0.471922     0.659118     0.817765     0.923898     0.961505     0.924976     0.819961     0.662516     0.476653     0.290678      0.13287            0
           0    0.0181146     0.130382     0.296417     0.491447     0.686145     0.851137     0.961505       1.0006      0.96259     0.853348     0.689569     0.496218     0.302726     0.138495            0
           0    0.0173627     0.125372     0.285115     0.472751     0.660064     0.818795     0.924976      0.96259     0.926026     0.820936     0.663378     0.477369     0.291223     0.133224            0
           0    0.0149248     0.110644     0.252315     0.418759      0.58493     0.725753     0.819961     0.853348     0.820936     0.727739     0.588004     0.423039     0.257968     0.117895            0
           0    0.0112298    0.0885189     0.203098     0.337778     0.472264     0.586248     0.662516     0.689569     0.663378     0.588004     0.474979     0.341554     0.208074    0.0948751            0
           0   0.00692809    0.0624757     0.145071     0.242239     0.339299      0.42158     0.476653     0.496218     0.477369     0.423039     0.341554     0.245372     0.149189    0.0677147            0
           0    0.0028147    0.0366461    0.0872229     0.146809     0.206359     0.256858     0.290678     0.302726     0.291223     0.257968     0.208074     0.149189    0.0903478    0.0406147            0
           0 -0.000246241     0.015221    0.0385809    0.0661685    0.0937613     0.117174      0.13287     0.138495     0.133224     0.117895    0.0948751    0.0677147    0.0406147    0.0178148            0
           0            0            0            0            0            0            0            0            0            0            0            0            0            0            0            0
