          0           0           0           0           0           0           0           0           0           0           0           0           0           0           0           0
          0 -0.00101879  0.00225748  0.00706542   0.0126501   0.0181845   0.0228534   0.0259663   0.0270618   0.0259792   0.0228844   0.0182462   0.0127675  0.00728682  0.00267456           0
          0  0.00225748   0.0183705   0.0418674   0.0693176   0.0966499    0.119773    0.135211    0.140634     0.13523    0.119819   0.0967409   0.0694903   0.0421902   0.0189693           0
          0  0.00706542   0.0418674   0.0925635    0.151839    0.210901    0.260891    0.294271    0.305996    0.294296    0.260951    0.211021    0.152066    0.092988   0.0426551           0
          0   0.0126501   0.0693176    0.151839    0.248353    0.344546    0.425975    0.480352    0.499449    0.480382    0.426049    0.344692    0.248633    0.152365   0.0703028           0
          0   0.0181845   0.0966499    0.210901    0.344546    0.477761    0.590539     0.66585      0.6923    0.665886    0.590624    0.477931    0.344874    0.211523   0.0978251           0
          0   0.0228534    0.119773    0.260891    0.425975    0.590539     0.72986      0.8229    0.855574    0.822938    0.729955    0.590729    0.426342    0.261592    0.121108           0
          0   0.0259663    0.135211    0.294271    0.480352     0.66585      0.8229    0.927778    0.964609    0.927819       0.823    0.666053    0.480744    0.295023    0.136651           0
          0   0.0270618    0.140634    0.305996    0.499449      0.6923    0.855574    0.964609      1.0029    0.964651    0.855676    0.692506     0.49985    0.306765    0.142111           0
          0   0.0259792     0.13523    0.294296    0.480382    0.665886    0.822938    0.927819    0.964651     0.92786    0.823038    0.666087    0.480772    0.295046    0.136666           0
          0   0.0228844    0.119819    0.260951    0.426049    0.590624    0.729955       0.823    0.855676    0.823038    0.730048    0.590811    0.426412    0.261646    0.121145           0
          0   0.0182462   0.0967409    0.211021    0.344692    0.477931    0.590729    0.666053    0.692506    0.666087    0.590811    0.478098    0.345013    0.211632   0.0979004           0
          0   0.0127675   0.0694903    0.152066    0.248633    0.344874    0.426342    0.480744     0.49985    0.480772    0.426412    0.345013    0.248901    0.152574   0.0704481           0
          0  0.00728682   0.0421902    0.092988    0.152365    0.211523    0.261592    0.295023    0.306765    0.295046    0.261646    0.211632    0.152574   0.0933839   0.0429327           0
          0  0.00267456   0.0189693   0.0426551   0.0703028   0.0978251    0.121108    0.136651    0.142111    0.136666    0.121145   0.0979004   0.0704481   0.0429327   0.0194967           0
          0           0           0           0           0           0           0           0           0           0           0           0           0           0           0           0
