          0           0           0           0           0           0           0           0           0           0           0           0           0           0           0           0
          0 -0.00337817  -0.0011122  0.00287624  0.00773016   0.0126143   0.0167615   0.0195478   0.0205672   0.0196848    0.017057   0.0131125  0.00850053  0.00401693 0.000532376           0
          0  -0.0011122   0.0138714   0.0366641   0.0635955   0.0905049    0.113303    0.128551    0.133968    0.128761    0.113756   0.0912694   0.0647776   0.0384099   0.0163641           0
          0  0.00287624   0.0366641    0.087042    0.146283    0.205399     0.25546    0.288919    0.300748    0.289197    0.256061    0.206414    0.147854   0.0893632   0.0399727           0
          0  0.00773016   0.0635955    0.146283    0.243334    0.340126    0.422073    0.476827     0.49615    0.477166    0.422807    0.341368    0.245263    0.149144    0.067694           0
          0   0.0126143   0.0905049    0.205399    0.340126    0.474453    0.588165    0.664131    0.690915    0.664522    0.589013    0.475892    0.342367    0.208741   0.0953249           0
          0   0.0167615    0.113303     0.25546    0.422073    0.588165    0.728757    0.822671    0.855767    0.823101    0.729691    0.589754    0.424558    0.259182    0.118707           0
          0   0.0195478    0.128551    0.288919    0.476827    0.664131    0.822671    0.928569    0.965879    0.929023    0.823657    0.665813    0.479464    0.292882    0.134331           0
          0   0.0205672    0.133968    0.300748     0.49615    0.690915    0.855767    0.965879     1.00467    0.966339    0.856767    0.692622    0.498829    0.304781    0.139861           0
          0   0.0196848    0.128761    0.289197    0.477166    0.664522    0.823101    0.929023    0.966339    0.929471    0.824074    0.666182    0.479772    0.293117    0.134486           0
          0    0.017057    0.113756    0.256061    0.422807    0.589013    0.729691    0.823657    0.856767    0.824074    0.730596    0.590556    0.425226    0.259692    0.119043           0
          0   0.0131125   0.0912694    0.206414    0.341368    0.475892    0.589754    0.665813    0.692622    0.666182    0.590556    0.477256    0.343502    0.209607   0.0958942           0
          0  0.00850053   0.0647776    0.147854    0.245263    0.342367    0.424558    0.479464    0.498829    0.479772    0.425226    0.343502    0.247034    0.150493    0.068579           0
          0  0.00401693   0.0384099   0.0893632    0.149144    0.208741    0.259182    0.292882    0.304781    0.293117    0.259692    0.209607    0.150493    0.091368   0.0412886           0
          0 0.000532376   0.0163641   0.0399727    0.067694   0.0953249    0.118707    0.134331    0.139861    0.134486    0.119043   0.0958942    0.068579   0.0412886   0.0182594           0
          0           0           0           0           0           0           0           0           0           0           0           0           0           0           0           0
