           0            0            0            0            0            0            0            0            0            0            0            0            0            0            0            0
           0  -0.00440115  -0.00265571   0.00092162   0.00548179    0.0101831    0.0142448    0.0170282    0.0181151    0.0173632    0.0149252    0.0112302   0.00692844   0.00281497 -0.000246069            0
           0  -0.00265571    0.0115467    0.0337337    0.0602438    0.0869022     0.109594     0.124856     0.130383     0.125373     0.110645    0.0885196    0.0624762    0.0366465    0.0152212            0
           0   0.00092162    0.0337337    0.0833724     0.142119      0.20096     0.250926     0.284432     0.296418     0.285116     0.252316     0.203099     0.145071    0.0872234    0.0385813            0
           0   0.00548179    0.0602438     0.142119     0.238651     0.335184     0.417075     0.471923     0.491448     0.472752      0.41876      0.33778      0.24224      0.14681    0.0661689            0
           0    0.0101831    0.0869022      0.20096     0.335184     0.469295     0.583006     0.659119     0.686147     0.660065     0.584931     0.472265       0.3393      0.20636    0.0937617            0
           0    0.0142448     0.109594     0.250926     0.417075     0.583006     0.723655     0.817766     0.851139     0.818797     0.725754     0.586249     0.421581     0.256859     0.117174            0
           0    0.0170282     0.124856     0.284432     0.471923     0.659119     0.817766       0.9239     0.961507     0.924978     0.819963     0.662517     0.476654     0.290679     0.132871            0
           0    0.0181151     0.130383     0.296418     0.491448     0.686147     0.851139     0.961507       1.0006     0.962592      0.85335      0.68957     0.496219     0.302727     0.138495            0
           0    0.0173632     0.125373     0.285116     0.472752     0.660065     0.818797     0.924978     0.962592     0.926027     0.820937     0.663379      0.47737     0.291224     0.133225            0
           0    0.0149252     0.110645     0.252316      0.41876     0.584931     0.725754     0.819963      0.85335     0.820937      0.72774     0.588005      0.42304     0.257969     0.117895            0
           0    0.0112302    0.0885196     0.203099      0.33778     0.472265     0.586249     0.662517      0.68957     0.663379     0.588005      0.47498     0.341555     0.208074    0.0948755            0
           0   0.00692844    0.0624762     0.145071      0.24224       0.3393     0.421581     0.476654     0.496219      0.47737      0.42304     0.341555     0.245372     0.149189    0.0677151            0
           0   0.00281497    0.0366465    0.0872234      0.14681      0.20636     0.256859     0.290679     0.302727     0.291224     0.257969     0.208074     0.149189    0.0903482    0.0406149            0
           0 -0.000246069    0.0152212    0.0385813    0.0661689    0.0937617     0.117174     0.132871     0.138495     0.133225     0.117895    0.0948755    0.0677151    0.0406149     0.017815            0
           0            0            0            0            0            0            0            0            0            0            0            0            0            0            0            0
