           0            0            0            0            0            0            0            0            0            0            0            0            0            0            0            0
           0  -0.00440178  -0.00265668  0.000920341   0.00548025    0.0101814    0.0142429    0.0170262    0.0181132    0.0173613    0.0149235    0.0112287   0.00692716     0.002814 -0.000246697            0
           0  -0.00265668    0.0115452    0.0337317    0.0602414    0.0868995     0.109591     0.124853      0.13038      0.12537     0.110643    0.0885172    0.0624742     0.036645    0.0152203            0
           0  0.000920341    0.0337317    0.0833697     0.142115     0.200956     0.250922     0.284428     0.296414     0.285112     0.252312     0.203095     0.145069    0.0872215      0.03858            0
           0   0.00548025    0.0602414     0.142115     0.238648      0.33518     0.417071     0.471919     0.491444     0.472748     0.418756     0.337776     0.242237     0.146807    0.0661673            0
           0    0.0101814    0.0868995     0.200956      0.33518      0.46929     0.583001     0.659114     0.686141      0.66006     0.584926     0.472261     0.339296     0.206357      0.09376            0
           0    0.0142429     0.109591     0.250922     0.417071     0.583001      0.72365      0.81776     0.851133     0.818791     0.725749     0.586245     0.421577     0.256856     0.117172            0
           0    0.0170262     0.124853     0.284428     0.471919     0.659114      0.81776     0.923894     0.961501     0.924972     0.819957     0.662513      0.47665     0.290676     0.132869            0
           0    0.0181132      0.13038     0.296414     0.491444     0.686141     0.851133     0.961501       1.0006     0.962586     0.853344     0.689565     0.496215     0.302724     0.138493            0
           0    0.0173613      0.12537     0.285112     0.472748      0.66006     0.818791     0.924972     0.962586     0.926022     0.820932     0.663374     0.477366     0.291221     0.133223            0
           0    0.0149235     0.110643     0.252312     0.418756     0.584926     0.725749     0.819957     0.853344     0.820932     0.727735     0.588001     0.423037     0.257966     0.117893            0
           0    0.0112287    0.0885172     0.203095     0.337776     0.472261     0.586245     0.662513     0.689565     0.663374     0.588001     0.474976     0.341552     0.208072     0.094874            0
           0   0.00692716    0.0624742     0.145069     0.242237     0.339296     0.421577      0.47665     0.496215     0.477366     0.423037     0.341552      0.24537     0.149187    0.0677138            0
           0     0.002814     0.036645    0.0872215     0.146807     0.206357     0.256856     0.290676     0.302724     0.291221     0.257966     0.208072     0.149187    0.0903467     0.040614            0
           0 -0.000246697    0.0152203      0.03858    0.0661673      0.09376     0.117172     0.132869     0.138493     0.133223     0.117893     0.094874    0.0677138     0.040614    0.0178143            0
           0            0            0            0            0            0            0            0            0            0            0            0            0            0            0            0
