          0           0           0           0           0           0           0           0           0           0           0           0           0           0           0           0
          0 -0.00440191 -0.00265689 0.000920068  0.00547992    0.010181   0.0142425   0.0170258   0.0181128   0.0173609   0.0149231   0.0112284  0.00692689  0.00281379 -0.00024683           0
          0 -0.00265689   0.0115449   0.0337313   0.0602409   0.0868989     0.10959    0.124852    0.130379     0.12537    0.110642   0.0885167   0.0624738   0.0366447     0.01522           0
          0 0.000920068   0.0337313   0.0833692    0.142115    0.200955    0.250921    0.284427    0.296413    0.285111    0.252311    0.203095    0.145068    0.087221   0.0385797           0
          0  0.00547992   0.0602409    0.142115    0.238647    0.335179     0.41707    0.471918    0.491443    0.472747    0.418755    0.337775    0.242236    0.146807    0.066167           0
          0    0.010181   0.0868989    0.200955    0.335179    0.469289       0.583    0.659113     0.68614    0.660059    0.584925     0.47226    0.339296    0.206356   0.0937596           0
          0   0.0142425     0.10959    0.250921     0.41707       0.583    0.723649    0.817759    0.851131     0.81879    0.725748    0.586244    0.421576    0.256856    0.117172           0
          0   0.0170258    0.124852    0.284427    0.471918    0.659113    0.817759    0.923892      0.9615     0.92497    0.819956    0.662512    0.476649    0.290675    0.132868           0
          0   0.0181128    0.130379    0.296413    0.491443     0.68614    0.851131      0.9615      1.0006    0.962585    0.853343    0.689564    0.496214    0.302724    0.138493           0
          0   0.0173609     0.12537    0.285111    0.472747    0.660059     0.81879     0.92497    0.962585    0.926021    0.820931    0.663373    0.477365     0.29122    0.133222           0
          0   0.0149231    0.110642    0.252311    0.418755    0.584925    0.725748    0.819956    0.853343    0.820931    0.727734       0.588    0.423036    0.257966    0.117893           0
          0   0.0112284   0.0885167    0.203095    0.337775     0.47226    0.586244    0.662512    0.689564    0.663373       0.588    0.474975    0.341551    0.208071   0.0948737           0
          0  0.00692689   0.0624738    0.145068    0.242236    0.339296    0.421576    0.476649    0.496214    0.477365    0.423036    0.341551    0.245369    0.149187   0.0677135           0
          0  0.00281379   0.0366447    0.087221    0.146807    0.206356    0.256856    0.290675    0.302724     0.29122    0.257966    0.208071    0.149187   0.0903464   0.0406138           0
          0 -0.00024683     0.01522   0.0385797    0.066167   0.0937596    0.117172    0.132868    0.138493    0.133222    0.117893   0.0948737   0.0677135   0.0406138   0.0178142           0
          0           0           0           0           0           0           0           0           0           0           0           0           0           0           0           0
