           0            0            0            0            0            0            0            0            0            0            0            0            0            0            0            0
           0  -0.00425237  -0.00242632   0.00122208   0.00584097    0.0105866    0.0146767    0.0174722    0.0185549    0.0177829    0.0153103    0.0115676   0.00720682   0.00302528 -0.000110585            0
           0  -0.00242632    0.0119011     0.034198    0.0607989    0.0875256     0.110261     0.125541     0.131062     0.126021      0.11124    0.0890403    0.0629058    0.0369709    0.0154298            0
           0   0.00122208     0.034198    0.0839808     0.142846     0.201777       0.2518      0.28533     0.297307     0.285964     0.253094      0.20378     0.145634    0.0876478     0.038854            0
           0   0.00584097    0.0607989     0.142846     0.239521      0.33616      0.41812     0.472997     0.492511     0.473766     0.419689     0.338593     0.242911     0.147316    0.0664944            0
           0    0.0105866    0.0875256     0.201777      0.33616     0.470391     0.584179     0.660323     0.687338     0.661202     0.585974     0.473178     0.340053     0.206928    0.0941267            0
           0    0.0146767     0.110261       0.2518      0.41812     0.584179     0.724909     0.819054     0.852413     0.820012     0.726868     0.587225     0.422385     0.257466     0.117564            0
           0    0.0174722     0.125541      0.28533     0.472997     0.660323     0.819054     0.925222     0.962815     0.926225     0.821106     0.663518     0.477479     0.291301     0.133271            0
           0    0.0185549     0.131062     0.297307     0.492511     0.687338     0.852413     0.962815       1.0019     0.963825      0.85448     0.690559     0.497034     0.303343     0.138891            0
           0    0.0177829     0.126021     0.285964     0.473766     0.661202     0.820012     0.926225     0.963825     0.927203     0.822015     0.664322     0.478147      0.29181     0.133602            0
           0    0.0153103      0.11124     0.253094     0.419689     0.585974     0.726868     0.821106      0.85448     0.822015     0.728727     0.588869     0.423752     0.258506      0.11824            0
           0    0.0115676    0.0890403      0.20378     0.338593     0.473178     0.587225     0.663518     0.690559     0.664322     0.588869     0.475736     0.342178     0.208544    0.0951777            0
           0   0.00720682    0.0629058     0.145634     0.242911     0.340053     0.422385     0.477479     0.497034     0.478147     0.423752     0.342178     0.245886     0.149577    0.0679643            0
           0   0.00302528    0.0369709    0.0876478     0.147316     0.206928     0.257466     0.291301     0.303343      0.29181     0.258506     0.208544     0.149577    0.0906408    0.0408031            0
           0 -0.000110585    0.0154298     0.038854    0.0664944    0.0941267     0.117564     0.133271     0.138891     0.133602      0.11824    0.0951777    0.0679643    0.0408031    0.0179363            0
           0            0            0            0            0            0            0            0            0            0            0            0            0            0            0            0
