           0            0            0            0            0            0            0            0            0            0            0            0            0            0            0            0
           0   -0.0044022  -0.00265733  0.000919489   0.00547922    0.0101802    0.0142416    0.0170249    0.0181119      0.01736    0.0149223    0.0112277   0.00692631   0.00281335 -0.000247114            0
           0  -0.00265733    0.0115442    0.0337304    0.0602398    0.0868977     0.109589     0.124851     0.130378     0.125368     0.110641    0.0885156    0.0624729     0.036644    0.0152196            0
           0  0.000919489    0.0337304     0.083368     0.142113     0.200954      0.25092     0.284425     0.296411     0.285109      0.25231     0.203093     0.145067    0.0872201    0.0385792            0
           0   0.00547922    0.0602398     0.142113     0.238645     0.335177     0.417068     0.471915      0.49144     0.472744     0.418753     0.337773     0.242235     0.146806    0.0661663            0
           0    0.0101802    0.0868977     0.200954     0.335177     0.469287     0.582998      0.65911     0.686137     0.660056     0.584923     0.472258     0.339294     0.206355    0.0937588            0
           0    0.0142416     0.109589      0.25092     0.417068     0.582998     0.723646     0.817756     0.851129     0.818788     0.725745     0.586242     0.421575     0.256854     0.117171            0
           0    0.0170249     0.124851     0.284425     0.471915      0.65911     0.817756     0.923889     0.961497     0.924968     0.819954     0.662509     0.476647     0.290674     0.132867            0
           0    0.0181119     0.130378     0.296411      0.49144     0.686137     0.851129     0.961497      1.00059     0.962582     0.853341     0.689562     0.496212     0.302722     0.138492            0
           0      0.01736     0.125368     0.285109     0.472744     0.660056     0.818788     0.924968     0.962582     0.926018     0.820928     0.663371     0.477364     0.291219     0.133222            0
           0    0.0149223     0.110641      0.25231     0.418753     0.584923     0.725745     0.819954     0.853341     0.820928     0.727732     0.587998     0.423034     0.257965     0.117892            0
           0    0.0112277    0.0885156     0.203093     0.337773     0.472258     0.586242     0.662509     0.689562     0.663371     0.587998     0.474974      0.34155      0.20807     0.094873            0
           0   0.00692631    0.0624729     0.145067     0.242235     0.339294     0.421575     0.476647     0.496212     0.477364     0.423034      0.34155     0.245368     0.149186     0.067713            0
           0   0.00281335     0.036644    0.0872201     0.146806     0.206355     0.256854     0.290674     0.302722     0.291219     0.257965      0.20807     0.149186    0.0903457    0.0406133            0
           0 -0.000247114    0.0152196    0.0385792    0.0661663    0.0937588     0.117171     0.132867     0.138492     0.133222     0.117892     0.094873     0.067713    0.0406133    0.0178139            0
           0            0            0            0            0            0            0            0            0            0            0            0            0            0            0            0
