          0           0           0           0           0           0           0           0           0           0           0           0           0           0           0           0
          0 -0.00431715 -0.00252598  0.00109202  0.00568623   0.0104137   0.0144928   0.0172843   0.0183698   0.0176073     0.01515   0.0114277   0.0070918  0.00293862  -0.0001663           0
          0 -0.00252598   0.0117475   0.0339975   0.0605604   0.0872592    0.109978    0.125252    0.130777    0.125751    0.110993   0.0888252    0.062729   0.0368377   0.0153443           0
          0  0.00109202   0.0339975   0.0837191    0.142535    0.201429    0.251431    0.284953    0.296936    0.285612    0.252773      0.2035    0.145403   0.0874746   0.0387429           0
          0  0.00568623   0.0605604    0.142535    0.239151    0.335747    0.417681    0.472549     0.49207    0.473348    0.419308    0.338261    0.242639    0.147111   0.0663627           0
          0   0.0104137   0.0872592    0.201429    0.335747     0.46993    0.583689    0.659824    0.686848    0.660737    0.585549    0.472808    0.339749    0.206699   0.0939802           0
          0   0.0144928    0.109978    0.251431    0.417681    0.583689     0.72439    0.818524    0.851892    0.819519    0.726419    0.586833    0.422064    0.257224    0.117409           0
          0   0.0172843    0.125252    0.284953    0.472549    0.659824    0.818524    0.924682    0.962285    0.925723    0.820649     0.66312    0.477152    0.291055    0.133113           0
          0   0.0183698    0.130777    0.296936     0.49207    0.686848    0.851892    0.962285     1.00138    0.963333    0.854032    0.690169    0.496714    0.303102    0.138736           0
          0   0.0176073    0.125751    0.285612    0.473348    0.660737    0.819519    0.925723    0.963333    0.926737     0.82159    0.663953    0.477844    0.291582    0.133456           0
          0     0.01515    0.110993    0.252773    0.419308    0.585549    0.726419    0.820649    0.854032     0.82159    0.728341    0.588533    0.423477    0.258299    0.118107           0
          0   0.0114277   0.0888252      0.2035    0.338261    0.472808    0.586833     0.66312    0.690169    0.663953    0.588533    0.475444    0.341939    0.208364   0.0950621           0
          0   0.0070918    0.062729    0.145403    0.242639    0.339749    0.422064    0.477152    0.496714    0.477844    0.423477    0.341939    0.245689    0.149429   0.0678694           0
          0  0.00293862   0.0368377   0.0874746    0.147111    0.206699    0.257224    0.291055    0.303102    0.291582    0.258299    0.208364    0.149429   0.0905296   0.0407317           0
          0  -0.0001663   0.0153443   0.0387429   0.0663627   0.0939802    0.117409    0.133113    0.138736    0.133456    0.118107   0.0950621   0.0678694   0.0407317   0.0178904           0
          0           0           0           0           0           0           0           0           0           0           0           0           0           0           0           0
