          0           0           0           0           0           0           0           0           0           0           0           0           0           0           0           0
          0 -0.00405558 -0.00212583  0.00160927  0.00629444   0.0110845   0.0151978   0.0179964   0.0190644    0.018262   0.0157452   0.0119458  0.00751765   0.0032595  3.9877e-05           0
          0 -0.00212583   0.0123605   0.0347896   0.0614909   0.0882844    0.111054    0.126338    0.131835    0.126748    0.111898    0.089613   0.0633763   0.0373252    0.015657           0
          0  0.00160927   0.0347896   0.0847418    0.143735    0.202749    0.252815    0.286347    0.298293    0.286889    0.253932    0.204508    0.146231   0.0880981   0.0391427           0
          0  0.00629444   0.0614909    0.143735    0.240557    0.337292    0.419297    0.474174     0.49365    0.474832    0.420655    0.339431    0.243599    0.147834   0.0668266           0
          0   0.0110845   0.0882844    0.202749    0.337292    0.471624    0.585458      0.6616     0.68857    0.662353    0.587014     0.47408    0.340793    0.207485   0.0944843           0
          0   0.0151978    0.111054    0.252815    0.419297    0.585458    0.726233    0.820371    0.853681    0.821195    0.727935    0.588149    0.423143    0.258036     0.11793           0
          0   0.0179964    0.126338    0.286347    0.474174      0.6616    0.820371    0.926529     0.96407    0.927393    0.822158    0.664428    0.478224    0.291863    0.133631           0
          0   0.0190644    0.131835    0.298293     0.49365     0.68857    0.853681     0.96407      1.0031    0.964942    0.855484    0.691427    0.497745    0.303877    0.139234           0
          0    0.018262    0.126748    0.286889    0.474832    0.662353    0.821195    0.927393    0.964942    0.928238    0.822943    0.665124    0.478804    0.292304    0.133919           0
          0   0.0157452    0.111898    0.253932    0.420655    0.587014    0.727935    0.822158    0.855484    0.822943     0.72956    0.589587     0.42434    0.258948    0.118524           0
          0   0.0119458    0.089613    0.204508    0.339431     0.47408    0.588149    0.664428    0.691427    0.665124    0.589587    0.476355    0.342684    0.208925   0.0954222           0
          0  0.00751765   0.0633763    0.146231    0.243599    0.340793    0.423143    0.478224    0.497745    0.478804     0.42434    0.342684    0.246299    0.149887   0.0681639           0
          0   0.0032595   0.0373252   0.0880981    0.147834    0.207485    0.258036    0.291863    0.303877    0.292304    0.258948    0.208925    0.149887   0.0908742   0.0409532           0
          0  3.9877e-05    0.015657   0.0391427   0.0668266   0.0944843     0.11793    0.133631    0.139234    0.133919    0.118524   0.0954222   0.0681639   0.0409532   0.0180329           0
          0           0           0           0           0           0           0           0           0           0           0           0           0           0           0           0
