          0           0           0           0           0           0           0           0           0           0           0           0           0           0           0           0
          0 -0.00383387 -0.00179103  0.00203302  0.00678036   0.0116069   0.0157341   0.0185284   0.0195775    0.018744   0.0161849   0.0123321  0.00783895  0.00350433 0.000198051           0
          0 -0.00179103   0.0128658   0.0354271   0.0622188   0.0890631     0.11185    0.127124    0.132591    0.127456    0.112544   0.0901803   0.0638486   0.0376855   0.0158897           0
          0  0.00203302   0.0354271   0.0855423    0.144643    0.203715    0.253794    0.287309    0.299213    0.287748    0.254714    0.205195    0.146804   0.0885358    0.039426           0
          0  0.00678036   0.0622188    0.144643     0.24158     0.33837    0.420382     0.47523    0.494652    0.475764    0.421501    0.340175     0.24422     0.14831   0.0671355           0
          0   0.0116069   0.0890631    0.203715     0.33837    0.472748    0.586577    0.662679    0.689586    0.663292    0.587863    0.474826    0.341418    0.207965   0.0947973           0
          0   0.0157341     0.11185    0.253794    0.420382    0.586577    0.727335    0.821421     0.85466    0.822093    0.728745    0.588861     0.42374    0.258497    0.118232           0
          0   0.0185284    0.127124    0.287309     0.47523    0.662679    0.821421    0.927519    0.964984    0.928225    0.822906    0.665085    0.478776     0.29229    0.133912           0
          0   0.0195775    0.132591    0.299213    0.494652    0.689586     0.85466    0.964984     1.00393    0.965698    0.856161    0.692021    0.498245    0.304265     0.13949           0
          0    0.018744    0.127456    0.287748    0.475764    0.663292    0.822093    0.928225    0.965698    0.928918    0.823551    0.665656    0.479253    0.292653    0.134149           0
          0   0.0161849    0.112544    0.254714    0.421501    0.587863    0.728745    0.822906    0.856161    0.823551    0.730101    0.590061    0.424739    0.259259     0.11873           0
          0   0.0123321   0.0901803    0.205195    0.340175    0.474826    0.588861    0.665085    0.692021    0.665656    0.590061     0.47677    0.343034    0.209197   0.0956015           0
          0  0.00783895   0.0638486    0.146804     0.24422    0.341418     0.42374    0.478776    0.498245    0.479253    0.424739    0.343034    0.246593    0.150116   0.0683142           0
          0  0.00350433   0.0376855   0.0885358     0.14831    0.207965    0.258497     0.29229    0.304265    0.292653    0.259259    0.209197    0.150116   0.0910511   0.0410693           0
          0 0.000198051   0.0158897    0.039426   0.0671355   0.0947973    0.118232    0.133912     0.13949    0.134149     0.11873   0.0956015   0.0683142   0.0410693   0.0181091           0
          0           0           0           0           0           0           0           0           0           0           0           0           0           0           0           0
