           0            0            0            0            0            0            0            0            0            0            0            0            0            0            0            0
           0  -0.00435277  -0.00258092   0.00101999   0.00560002    0.0103168    0.0143889    0.0171773    0.0182638     0.017506     0.015057    0.0113463   0.00702459   0.00288783 -0.000199021            0
           0  -0.00258092    0.0116625    0.0338861    0.0604271    0.0871093     0.109817     0.125087     0.130613     0.125594     0.110849    0.0886993    0.0626251    0.0367593    0.0152939            0
           0   0.00101999    0.0338861     0.083573      0.14236     0.201232      0.25122     0.284736     0.296721     0.285407     0.252585     0.203335     0.145267    0.0873719    0.0386769            0
           0   0.00560002    0.0604271      0.14236     0.238941     0.335512     0.417429     0.472289     0.491813     0.473102     0.419083     0.338064     0.242476     0.146988    0.0662838            0
           0    0.0103168    0.0871093     0.201232     0.335512     0.469666     0.583406     0.659533     0.686559     0.660461     0.585296     0.472587     0.339566     0.206561    0.0938916            0
           0    0.0143889     0.109817      0.25122     0.417429     0.583406     0.724086     0.818212     0.851583     0.819224     0.726148     0.586596     0.421868     0.257076     0.117314            0
           0    0.0171773     0.125087     0.284736     0.472289     0.659533     0.818212     0.924361     0.961967     0.925419      0.82037     0.662876     0.476951     0.290904     0.133015            0
           0    0.0182638     0.130613     0.296721     0.491813     0.686559     0.851583     0.961967      1.00106     0.963032     0.853756     0.689927     0.496515     0.302951      0.13864            0
           0     0.017506     0.125594     0.285407     0.473102     0.660461     0.819224     0.925419     0.963032      0.92645     0.821327     0.663722     0.477655     0.291439     0.133363            0
           0     0.015057     0.110849     0.252585     0.419083     0.585296     0.726148      0.82037     0.853756     0.821327       0.7281     0.588322     0.423303     0.258168     0.118023            0
           0    0.0113463    0.0886993     0.203335     0.338064     0.472587     0.586596     0.662876     0.689927     0.663722     0.588322     0.475259     0.341786     0.208249    0.0949882            0
           0   0.00702459    0.0626251     0.145267     0.242476     0.339566     0.421868     0.476951     0.496515     0.477655     0.423303     0.341786     0.245564     0.149334    0.0678084            0
           0   0.00288783    0.0367593    0.0873719     0.146988     0.206561     0.257076     0.290904     0.302951     0.291439     0.258168     0.208249     0.149334     0.090458    0.0406857            0
           0 -0.000199021    0.0152939    0.0386769    0.0662838    0.0938916     0.117314     0.133015      0.13864     0.133363     0.118023    0.0949882    0.0678084    0.0406857    0.0178607            0
           0            0            0            0            0            0            0            0            0            0            0            0            0            0            0            0
