          0           0           0           0           0           0           0           0           0           0           0           0           0           0           0           0
          0 -0.00396241 -0.00198468  0.00178877  0.00650139   0.0113081   0.0154283   0.0182256   0.0192856   0.0184695   0.0159338   0.0121108  0.00765428  0.00336318  0.00010671           0
          0 -0.00198468   0.0125743   0.0350609   0.0618028   0.0886201    0.111399     0.12668    0.132164    0.127055    0.112178   0.0898577    0.063579   0.0374791   0.0157561           0
          0  0.00178877   0.0350609    0.085085    0.144127     0.20317    0.253244    0.286771    0.298699    0.287268    0.254276    0.204809    0.146481   0.0882875   0.0392648           0
          0  0.00650139   0.0618028    0.144127    0.241004    0.337767     0.41978    0.474648    0.494101    0.475252    0.421035    0.339763    0.243874    0.148044   0.0669618           0
          0   0.0113081   0.0886201     0.20317    0.337767    0.472126    0.585965    0.662093    0.689037    0.662786    0.587404     0.47442    0.341075      0.2077   0.0946237           0
          0   0.0154283    0.111399    0.253244     0.41978    0.585965     0.72674     0.82086    0.854141    0.821618    0.728316    0.588481    0.423418    0.258247    0.118067           0
          0   0.0182256     0.12668    0.286771    0.474648    0.662093     0.82086    0.926998    0.964508    0.927793    0.822517    0.664741    0.478484    0.292061     0.13376           0
          0   0.0192856    0.132164    0.298699    0.494101    0.689037    0.854141    0.964508      1.0035    0.965311    0.855814    0.691713    0.497983    0.304059    0.139353           0
          0   0.0184695    0.127055    0.287268    0.475252    0.662786    0.821618    0.927793    0.965311    0.928573    0.823242    0.665383    0.479019    0.292469    0.134026           0
          0   0.0159338    0.112178    0.254276    0.421035    0.587404    0.728316    0.822517    0.855814    0.823242    0.729825    0.589817    0.424531    0.259094     0.11862           0
          0   0.0121108   0.0898577    0.204809    0.339763     0.47442    0.588481    0.664741    0.691713    0.665383    0.589817    0.476554    0.342849    0.209051   0.0955047           0
          0  0.00765428    0.063579    0.146481    0.243874    0.341075    0.423418    0.478484    0.497983    0.479019    0.424531    0.342849    0.246436    0.149992   0.0682321           0
          0  0.00336318   0.0374791   0.0882875    0.148044      0.2077    0.258247    0.292061    0.304059    0.292469    0.259094    0.209051    0.149992   0.0909543   0.0410053           0
          0  0.00010671   0.0157561   0.0392648   0.0669618   0.0946237    0.118067     0.13376    0.139353    0.134026     0.11862   0.0955047   0.0682321   0.0410053   0.0180668           0
          0           0           0           0           0           0           0           0           0           0           0           0           0           0           0           0
