           0            0            0            0            0            0            0            0            0            0            0            0            0            0            0            0
           0  -0.00436082  -0.00259336   0.00100365   0.00558043    0.0102947    0.0143651    0.0171528    0.0182394    0.0174826    0.0150355    0.0113274   0.00700896   0.00287601 -0.000206648            0
           0  -0.00259336    0.0116433    0.0338608    0.0603967    0.0870751      0.10978     0.125049     0.130576     0.125558     0.110816    0.0886701     0.062601     0.036741    0.0152821            0
           0   0.00100365    0.0338608    0.0835397      0.14232     0.201188     0.251172     0.284686     0.296672      0.28536     0.252541     0.203297     0.145236    0.0873478    0.0386614            0
           0   0.00558043    0.0603967      0.14232     0.238894     0.335458     0.417371     0.472229     0.491754     0.473045     0.419031     0.338018     0.242438     0.146959    0.0662652            0
           0    0.0102947    0.0870751     0.201188     0.335458     0.469605      0.58334     0.659465     0.686492     0.660397     0.585237     0.472535     0.339523     0.206529    0.0938707            0
           0    0.0143651      0.10978     0.251172     0.417371      0.58334     0.724016     0.818139     0.851511     0.819155     0.726084      0.58654     0.421822     0.257042     0.117292            0
           0    0.0171528     0.125049     0.284686     0.472229     0.659465     0.818139     0.924286     0.961892     0.925348     0.820305     0.662819     0.476903     0.290868     0.132992            0
           0    0.0182394     0.130576     0.296672     0.491754     0.686492     0.851511     0.961892      1.00099     0.962961     0.853691      0.68987     0.496467     0.302916     0.138617            0
           0    0.0174826     0.125558      0.28536     0.473045     0.660397     0.819155     0.925348     0.962961     0.926382     0.821265     0.663668     0.477609     0.291405     0.133341            0
           0    0.0150355     0.110816     0.252541     0.419031     0.585237     0.726084     0.820305     0.853691     0.821265     0.728043     0.588271     0.423261     0.258136     0.118003            0
           0    0.0113274    0.0886701     0.203297     0.338018     0.472535      0.58654     0.662819      0.68987     0.663668     0.588271     0.475215      0.34175     0.208222    0.0949704            0
           0   0.00700896     0.062601     0.145236     0.242438     0.339523     0.421822     0.476903     0.496467     0.477609     0.423261      0.34175     0.245533     0.149311    0.0677937            0
           0   0.00287601     0.036741    0.0873478     0.146959     0.206529     0.257042     0.290868     0.302916     0.291405     0.258136     0.208222     0.149311    0.0904407    0.0406745            0
           0 -0.000206648    0.0152821    0.0386614    0.0662652    0.0938707     0.117292     0.132992     0.138617     0.133341     0.118003    0.0949704    0.0677937    0.0406745    0.0178535            0
           0            0            0            0            0            0            0            0            0            0            0            0            0            0            0            0
