           0            0            0            0            0            0            0            0            0            0            0            0            0            0            0            0
           0  -0.00440201  -0.00265703  0.000919875   0.00547969    0.0101807    0.0142422    0.0170255    0.0181125    0.0173606    0.0149229    0.0112281    0.0069267   0.00281364 -0.000246925            0
           0  -0.00265703    0.0115447     0.033731    0.0602406    0.0868985      0.10959     0.124851     0.130379     0.125369     0.110642    0.0885163    0.0624735    0.0366445    0.0152199            0
           0  0.000919875     0.033731    0.0833688     0.142114     0.200955     0.250921     0.284426     0.296412     0.285111     0.252311     0.203094     0.145068    0.0872207    0.0385796            0
           0   0.00547969    0.0602406     0.142114     0.238646     0.335178     0.417069     0.471917     0.491442     0.472746     0.418754     0.337774     0.242236     0.146806    0.0661668            0
           0    0.0101807    0.0868985     0.200955     0.335178     0.469289     0.582999     0.659112     0.686139     0.660058     0.584925     0.472259     0.339295     0.206356    0.0937594            0
           0    0.0142422      0.10959     0.250921     0.417069     0.582999     0.723648     0.817758     0.851131     0.818789     0.725747     0.586243     0.421576     0.256855     0.117171            0
           0    0.0170255     0.124851     0.284426     0.471917     0.659112     0.817758     0.923891     0.961499      0.92497     0.819955     0.662511     0.476648     0.290675     0.132868            0
           0    0.0181125     0.130379     0.296412     0.491442     0.686139     0.851131     0.961499      1.00059     0.962584     0.853342     0.689563     0.496213     0.302723     0.138492            0
           0    0.0173606     0.125369     0.285111     0.472746     0.660058     0.818789      0.92497     0.962584      0.92602      0.82093     0.663373     0.477365      0.29122     0.133222            0
           0    0.0149229     0.110642     0.252311     0.418754     0.584925     0.725747     0.819955     0.853342      0.82093     0.727733     0.587999     0.423035     0.257965     0.117893            0
           0    0.0112281    0.0885163     0.203094     0.337774     0.472259     0.586243     0.662511     0.689563     0.663373     0.587999     0.474975     0.341551     0.208071    0.0948734            0
           0    0.0069267    0.0624735     0.145068     0.242236     0.339295     0.421576     0.476648     0.496213     0.477365     0.423035     0.341551     0.245369     0.149186    0.0677133            0
           0   0.00281364    0.0366445    0.0872207     0.146806     0.206356     0.256855     0.290675     0.302723      0.29122     0.257965     0.208071     0.149186    0.0903462    0.0406136            0
           0 -0.000246925    0.0152199    0.0385796    0.0661668    0.0937594     0.117171     0.132868     0.138492     0.133222     0.117893    0.0948734    0.0677133    0.0406136    0.0178141            0
           0            0            0            0            0            0            0            0            0            0            0            0            0            0            0            0
