           0            0            0            0            0            0            0            0            0            0            0            0            0            0            0            0
           0  -0.00440095  -0.00265539  0.000922036   0.00548229    0.0101837    0.0142454    0.0170288    0.0181158    0.0173638    0.0149258    0.0112307   0.00692886   0.00281528 -0.000245865            0
           0  -0.00265539    0.0115472    0.0337343    0.0602446    0.0869031     0.109595     0.124857     0.130384     0.125374     0.110646    0.0885203    0.0624769     0.036647    0.0152215            0
           0  0.000922036    0.0337343    0.0833732      0.14212     0.200961     0.250927     0.284433     0.296419     0.285117     0.252317       0.2031     0.145072    0.0872241    0.0385817            0
           0   0.00548229    0.0602446      0.14212     0.238653     0.335185     0.417077     0.471925      0.49145     0.472754     0.418761     0.337781     0.242241     0.146811    0.0661694            0
           0    0.0101837    0.0869031     0.200961     0.335185     0.469297     0.583008     0.659121     0.686148     0.660067     0.584933     0.472266     0.339301     0.206361    0.0937623            0
           0    0.0142454     0.109595     0.250927     0.417077     0.583008     0.723657     0.817768     0.851141     0.818799     0.725756     0.586251     0.421582      0.25686     0.117175            0
           0    0.0170288     0.124857     0.284433     0.471925     0.659121     0.817768     0.923902     0.961509      0.92498     0.819965     0.662519     0.476655      0.29068     0.132871            0
           0    0.0181158     0.130384     0.296419      0.49145     0.686148     0.851141     0.961509       1.0006     0.962594     0.853352     0.689571      0.49622     0.302728     0.138496            0
           0    0.0173638     0.125374     0.285117     0.472754     0.660067     0.818799      0.92498     0.962594     0.926029     0.820939     0.663381     0.477371     0.291225     0.133225            0
           0    0.0149258     0.110646     0.252317     0.418761     0.584933     0.725756     0.819965     0.853352     0.820939     0.727742     0.588006     0.423041      0.25797     0.117896            0
           0    0.0112307    0.0885203       0.2031     0.337781     0.472266     0.586251     0.662519     0.689571     0.663381     0.588006     0.474981     0.341556     0.208075     0.094876            0
           0   0.00692886    0.0624769     0.145072     0.242241     0.339301     0.421582     0.476655      0.49622     0.477371     0.423041     0.341556     0.245373      0.14919    0.0677155            0
           0   0.00281528     0.036647    0.0872241     0.146811     0.206361      0.25686      0.29068     0.302728     0.291225      0.25797     0.208075      0.14919    0.0903487    0.0406152            0
           0 -0.000245865    0.0152215    0.0385817    0.0661694    0.0937623     0.117175     0.132871     0.138496     0.133225     0.117896     0.094876    0.0677155    0.0406152    0.0178152            0
           0            0            0            0            0            0            0            0            0            0            0            0            0            0            0            0
