           0            0            0            0            0            0            0            0            0            0            0            0            0            0            0            0
           0  -0.00440007  -0.00265404  0.000923818   0.00548444    0.0101861     0.014248    0.0170315    0.0181185    0.0173664    0.0149282    0.0112329   0.00693064   0.00281664 -0.000244991            0
           0  -0.00265404    0.0115493    0.0337371    0.0602479    0.0869068     0.109599     0.124861     0.130388     0.125378      0.11065    0.0885237    0.0624796    0.0366491    0.0152229            0
           0  0.000923818    0.0337371    0.0833769     0.142124     0.200966     0.250933     0.284439     0.296425     0.285122     0.252322     0.203104     0.145076    0.0872269    0.0385835            0
           0   0.00548444    0.0602479     0.142124     0.238658     0.335191     0.417083     0.471932     0.491457      0.47276     0.418767     0.337786     0.242246     0.146814    0.0661715            0
           0    0.0101861    0.0869068     0.200966     0.335191     0.469304     0.583015     0.659129     0.686156     0.660074      0.58494     0.472272     0.339306     0.206364    0.0937647            0
           0     0.014248     0.109599     0.250933     0.417083     0.583015     0.723665     0.817777     0.851149     0.818807     0.725763     0.586257     0.421588     0.256864     0.117177            0
           0    0.0170315     0.124861     0.284439     0.471932     0.659129     0.817777      0.92391     0.961518     0.924988     0.819972     0.662526     0.476661     0.290684     0.132874            0
           0    0.0181185     0.130388     0.296425     0.491457     0.686156     0.851149     0.961518      1.00061     0.962602     0.853359     0.689578     0.496226     0.302732     0.138499            0
           0    0.0173664     0.125378     0.285122      0.47276     0.660074     0.818807     0.924988     0.962602     0.926037     0.820946     0.663387     0.477377     0.291229     0.133228            0
           0    0.0149282      0.11065     0.252322     0.418767      0.58494     0.725763     0.819972     0.853359     0.820946     0.727748     0.588012     0.423046     0.257974     0.117898            0
           0    0.0112329    0.0885237     0.203104     0.337786     0.472272     0.586257     0.662526     0.689578     0.663387     0.588012     0.474987     0.341561     0.208078    0.0948782            0
           0   0.00693064    0.0624796     0.145076     0.242246     0.339306     0.421588     0.476661     0.496226     0.477377     0.423046     0.341561     0.245377     0.149193    0.0677173            0
           0   0.00281664    0.0366491    0.0872269     0.146814     0.206364     0.256864     0.290684     0.302732     0.291229     0.257974     0.208078     0.149193    0.0903508    0.0406166            0
           0 -0.000244991    0.0152229    0.0385835    0.0661715    0.0937647     0.117177     0.132874     0.138499     0.133228     0.117898    0.0948782    0.0677173    0.0406166    0.0178161            0
           0            0            0            0            0            0            0            0            0            0            0            0            0            0            0            0
