           0            0            0            0            0            0            0            0            0            0            0            0            0            0            0            0
           0  -0.00439006  -0.00263855  0.000944223     0.005509    0.0102139    0.0142781    0.0170627    0.0181497    0.0173964     0.014956    0.0112573   0.00695094   0.00283204 -0.000235033            0
           0  -0.00263855    0.0115733    0.0337687     0.060286      0.08695     0.109646     0.124909     0.130437     0.125425     0.110693    0.0885616    0.0625111     0.036673    0.0152383            0
           0  0.000944223    0.0337687    0.0834186     0.142174     0.201023     0.250994     0.284502     0.296489     0.285184     0.252379     0.203154     0.145117    0.0872583    0.0386038            0
           0     0.005509     0.060286     0.142174     0.238718      0.33526     0.417157     0.472009     0.491533     0.472834     0.418836     0.337846     0.242296     0.146852    0.0661959            0
           0    0.0102139      0.08695     0.201023      0.33526     0.469381     0.583099     0.659216     0.686243     0.660158     0.585017     0.472341     0.339363     0.206407    0.0937924            0
           0    0.0142781     0.109646     0.250994     0.417157     0.583099     0.723756      0.81787     0.851243     0.818897     0.725847     0.586331     0.421649     0.256911     0.117207            0
           0    0.0170627     0.124909     0.284502     0.472009     0.659216      0.81787     0.924008     0.961615     0.925082     0.820059     0.662602     0.476724     0.290732     0.132905            0
           0    0.0181497     0.130437     0.296489     0.491533     0.686243     0.851243     0.961615      1.00071     0.962696     0.853446     0.689655     0.496289      0.30278     0.138529            0
           0    0.0173964     0.125425     0.285184     0.472834     0.660158     0.818897     0.925082     0.962696     0.926127      0.82103     0.663461     0.477438     0.291275     0.133258            0
           0     0.014956     0.110693     0.252379     0.418836     0.585017     0.725847     0.820059     0.853446      0.82103     0.727826      0.58808     0.423103     0.258017     0.117926            0
           0    0.0112573    0.0885616     0.203154     0.337846     0.472341     0.586331     0.662602     0.689655     0.663461      0.58808     0.475046      0.34161     0.208116    0.0949025            0
           0   0.00695094    0.0625111     0.145117     0.242296     0.339363     0.421649     0.476724     0.496289     0.477438     0.423103      0.34161     0.245418     0.149224    0.0677375            0
           0   0.00283204     0.036673    0.0872583     0.146852     0.206407     0.256911     0.290732      0.30278     0.291275     0.258017     0.208116     0.149224    0.0903746    0.0406319            0
           0 -0.000235033    0.0152383    0.0386038    0.0661959    0.0937924     0.117207     0.132905     0.138529     0.133258     0.117926    0.0949025    0.0677375    0.0406319    0.0178259            0
           0            0            0            0            0            0            0            0            0            0            0            0            0            0            0            0
