          0           0           0           0           0           0           0           0           0           0           0           0           0           0           0           0
          0 -0.00440169 -0.00265655 0.000920517  0.00548046   0.0101816   0.0142432   0.0170265   0.0181135   0.0173615   0.0149237   0.0112289  0.00692734  0.00281413 -0.00024661           0
          0 -0.00265655   0.0115454    0.033732   0.0602418   0.0868998    0.109591    0.124853     0.13038    0.125371    0.110643   0.0885175   0.0624745   0.0366452   0.0152204           0
          0 0.000920517    0.033732   0.0833701    0.142116    0.200957    0.250923    0.284428    0.296414    0.285112    0.252313    0.203096    0.145069   0.0872217   0.0385802           0
          0  0.00548046   0.0602418    0.142116    0.238648     0.33518    0.417071    0.471919    0.491444    0.472748    0.418756    0.337776    0.242238    0.146808   0.0661675           0
          0   0.0101816   0.0868998    0.200957     0.33518    0.469291    0.583002    0.659114    0.686142    0.660061    0.584927    0.472261    0.339297    0.206357   0.0937602           0
          0   0.0142432    0.109591    0.250923    0.417071    0.583002    0.723651    0.817761    0.851133    0.818792     0.72575    0.586245    0.421578    0.256857    0.117172           0
          0   0.0170265    0.124853    0.284428    0.471919    0.659114    0.817761    0.923894    0.961502    0.924973    0.819958    0.662513     0.47665    0.290676    0.132869           0
          0   0.0181135     0.13038    0.296414    0.491444    0.686142    0.851133    0.961502      1.0006    0.962587    0.853345    0.689566    0.496215    0.302725    0.138493           0
          0   0.0173615    0.125371    0.285112    0.472748    0.660061    0.818792    0.924973    0.962587    0.926023    0.820933    0.663375    0.477367    0.291221    0.133223           0
          0   0.0149237    0.110643    0.252313    0.418756    0.584927     0.72575    0.819958    0.853345    0.820933    0.727736    0.588001    0.423037    0.257967    0.117894           0
          0   0.0112289   0.0885175    0.203096    0.337776    0.472261    0.586245    0.662513    0.689566    0.663375    0.588001    0.474977    0.341553    0.208072   0.0948742           0
          0  0.00692734   0.0624745    0.145069    0.242238    0.339297    0.421578     0.47665    0.496215    0.477367    0.423037    0.341553     0.24537    0.149187    0.067714           0
          0  0.00281413   0.0366452   0.0872217    0.146808    0.206357    0.256857    0.290676    0.302725    0.291221    0.257967    0.208072    0.149187    0.090347   0.0406141           0
          0 -0.00024661   0.0152204   0.0385802   0.0661675   0.0937602    0.117172    0.132869    0.138493    0.133223    0.117894   0.0948742    0.067714   0.0406141   0.0178144           0
          0           0           0           0           0           0           0           0           0           0           0           0           0           0           0           0
