           0            0            0            0            0            0            0            0            0            0            0            0            0            0            0            0
           0  -0.00433135  -0.00254788   0.00106333   0.00565194    0.0103752    0.0144516    0.0172419    0.0183279    0.0175673    0.0151133    0.0113956   0.00706536   0.00291865 -0.000179157            0
           0  -0.00254788    0.0117136    0.0339532    0.0605074    0.0871997     0.109914     0.125187     0.130712     0.125689     0.110936    0.0887757    0.0626882    0.0368069    0.0153245            0
           0   0.00106333    0.0339532     0.083661     0.142465     0.201351     0.251347     0.284867     0.296851     0.285531     0.252699     0.203435      0.14535    0.0874343     0.038717            0
           0   0.00565194    0.0605074     0.142465     0.239068     0.335654     0.417581     0.472446     0.491969     0.473251      0.41922     0.338184     0.242575     0.147063    0.0663318            0
           0    0.0103752    0.0871997     0.201351     0.335654     0.469826     0.583577     0.659709     0.686734     0.660629      0.58545     0.472721     0.339678     0.206645    0.0939456            0
           0    0.0144516     0.109914     0.251347     0.417581     0.583577      0.72427     0.818401     0.851771     0.819403     0.726313      0.58674     0.421987     0.257166     0.117372            0
           0    0.0172419     0.125187     0.284867     0.472446     0.659709     0.818401     0.924556      0.96216     0.925604      0.82054     0.663025     0.477073     0.290996     0.133075            0
           0    0.0183279     0.130712     0.296851     0.491969     0.686734     0.851771      0.96216      1.00125     0.963215     0.853924     0.690075     0.496636     0.303043     0.138699            0
           0    0.0175673     0.125689     0.285531     0.473251     0.660629     0.819403     0.925604     0.963215     0.926625     0.821488     0.663863     0.477771     0.291527      0.13342            0
           0    0.0151133     0.110936     0.252699      0.41922      0.58545     0.726313      0.82054     0.853924     0.821488     0.728247     0.588451     0.423409     0.258248     0.118075            0
           0    0.0113956    0.0887757     0.203435     0.338184     0.472721      0.58674     0.663025     0.690075     0.663863     0.588451     0.475372      0.34188      0.20832    0.0950335            0
           0   0.00706536    0.0626882      0.14535     0.242575     0.339678     0.421987     0.477073     0.496636     0.477771     0.423409      0.34188     0.245641     0.149392    0.0678459            0
           0   0.00291865    0.0368069    0.0874343     0.147063     0.206645     0.257166     0.290996     0.303043     0.291527     0.258248      0.20832     0.149392     0.090502     0.040714            0
           0 -0.000179157    0.0153245     0.038717    0.0663318    0.0939456     0.117372     0.133075     0.138699      0.13342     0.118075    0.0950335    0.0678459     0.040714    0.0178789            0
           0            0            0            0            0            0            0            0            0            0            0            0            0            0            0            0
