           0            0            0            0            0            0            0            0            0            0            0            0            0            0            0            0
           0   -0.0044021  -0.00265718  0.000919686   0.00547946    0.0101805    0.0142419    0.0170252    0.0181122    0.0173603    0.0149226    0.0112279   0.00692651    0.0028135 -0.000247018            0
           0  -0.00265718    0.0115445    0.0337307    0.0602402    0.0868981      0.10959     0.124851     0.130378     0.125369     0.110641     0.088516    0.0624732    0.0366442    0.0152198            0
           0  0.000919686    0.0337307    0.0833684     0.142114     0.200954      0.25092     0.284426     0.296412      0.28511      0.25231     0.203094     0.145067    0.0872204    0.0385794            0
           0   0.00547946    0.0602402     0.142114     0.238646     0.335177     0.417068     0.471916     0.491441     0.472745     0.418754     0.337774     0.242235     0.146806    0.0661665            0
           0    0.0101805    0.0868981     0.200954     0.335177     0.469288     0.582998     0.659111     0.686138     0.660057     0.584924     0.472259     0.339295     0.206356    0.0937591            0
           0    0.0142419      0.10959      0.25092     0.417068     0.582998     0.723647     0.817757      0.85113     0.818788     0.725746     0.586242     0.421575     0.256855     0.117171            0
           0    0.0170252     0.124851     0.284426     0.471916     0.659111     0.817757      0.92389     0.961498     0.924969     0.819955      0.66251     0.476648     0.290674     0.132868            0
           0    0.0181122     0.130378     0.296412     0.491441     0.686138      0.85113     0.961498      1.00059     0.962583     0.853341     0.689563     0.496213     0.302723     0.138492            0
           0    0.0173603     0.125369      0.28511     0.472745     0.660057     0.818788     0.924969     0.962583     0.926019     0.820929     0.663372     0.477364     0.291219     0.133222            0
           0    0.0149226     0.110641      0.25231     0.418754     0.584924     0.725746     0.819955     0.853341     0.820929     0.727733     0.587998     0.423035     0.257965     0.117892            0
           0    0.0112279     0.088516     0.203094     0.337774     0.472259     0.586242      0.66251     0.689563     0.663372     0.587998     0.474974      0.34155     0.208071    0.0948732            0
           0   0.00692651    0.0624732     0.145067     0.242235     0.339295     0.421575     0.476648     0.496213     0.477364     0.423035      0.34155     0.245368     0.149186    0.0677132            0
           0    0.0028135    0.0366442    0.0872204     0.146806     0.206356     0.256855     0.290674     0.302723     0.291219     0.257965     0.208071     0.149186     0.090346    0.0406135            0
           0 -0.000247018    0.0152198    0.0385794    0.0661665    0.0937591     0.117171     0.132868     0.138492     0.133222     0.117892    0.0948732    0.0677132    0.0406135     0.017814            0
           0            0            0            0            0            0            0            0            0            0            0            0            0            0            0            0
