           0            0            0            0            0            0            0            0            0            0            0            0            0            0            0            0
           0  -0.00439614  -0.00264796   0.00093183   0.00549408     0.010197    0.0142598    0.0170438    0.0181308    0.0173782    0.0149391    0.0112425   0.00693863    0.0028227 -0.000241071            0
           0  -0.00264796    0.0115587    0.0337495    0.0602629    0.0869238     0.109617      0.12488     0.130407     0.125396     0.110667    0.0885386     0.062492    0.0366585     0.015229            0
           0   0.00093183    0.0337495    0.0833932     0.142144     0.200988     0.250957     0.284464      0.29645     0.285147     0.252344     0.203124     0.145092    0.0872392    0.0385915            0
           0   0.00549408    0.0602629     0.142144     0.238682     0.335218     0.417113     0.471962     0.491487     0.472789     0.418794      0.33781     0.242265     0.146829    0.0661811            0
           0     0.010197    0.0869238     0.200988     0.335218     0.469334     0.583048     0.659163      0.68619     0.660107      0.58497     0.472299     0.339328     0.206381    0.0937756            0
           0    0.0142598     0.109617     0.250957     0.417113     0.583048     0.723701     0.817813     0.851186     0.818842     0.725796     0.586286     0.421612     0.256882     0.117189            0
           0    0.0170438      0.12488     0.284464     0.471962     0.659163     0.817813     0.923949     0.961556     0.925025     0.820006     0.662556     0.476686     0.290703     0.132886            0
           0    0.0181308     0.130407      0.29645     0.491487      0.68619     0.851186     0.961556      1.00065     0.962639     0.853393     0.689608     0.496251     0.302751     0.138511            0
           0    0.0173782     0.125396     0.285147     0.472789     0.660107     0.818842     0.925025     0.962639     0.926073     0.820979     0.663416     0.477401     0.291247      0.13324            0
           0    0.0149391     0.110667     0.252344     0.418794      0.58497     0.725796     0.820006     0.853393     0.820979     0.727779     0.588039     0.423069     0.257991     0.117909            0
           0    0.0112425    0.0885386     0.203124      0.33781     0.472299     0.586286     0.662556     0.689608     0.663416     0.588039      0.47501      0.34158     0.208093    0.0948878            0
           0   0.00693863     0.062492     0.145092     0.242265     0.339328     0.421612     0.476686     0.496251     0.477401     0.423069      0.34158     0.245393     0.149205    0.0677252            0
           0    0.0028227    0.0366585    0.0872392     0.146829     0.206381     0.256882     0.290703     0.302751     0.291247     0.257991     0.208093     0.149205    0.0903602    0.0406226            0
           0 -0.000241071     0.015229    0.0385915    0.0661811    0.0937756     0.117189     0.132886     0.138511      0.13324     0.117909    0.0948878    0.0677252    0.0406226      0.01782            0
           0            0            0            0            0            0            0            0            0            0            0            0            0            0            0            0
