           0            0            0            0            0            0            0            0            0            0            0            0            0            0            0            0
           0  -0.00437312  -0.00261237  0.000978664   0.00555042    0.0102608    0.0143286    0.0171151    0.0182019    0.0174466    0.0150023    0.0112982   0.00698479    0.0028577 -0.000218462            0
           0  -0.00261237    0.0116139    0.0338221    0.0603502    0.0870226     0.109724      0.12499     0.130517     0.125503     0.110765    0.0886249    0.0625636    0.0367127    0.0152639            0
           0  0.000978664    0.0338221    0.0834888     0.142259     0.201118     0.251097     0.284609     0.296595     0.285286     0.252473     0.203237     0.145186    0.0873106    0.0386375            0
           0   0.00555042    0.0603502     0.142259      0.23882     0.335375     0.417282     0.472137     0.491662     0.472957      0.41895     0.337946     0.242379     0.146915    0.0662365            0
           0    0.0102608    0.0870226     0.201118     0.335375     0.469511      0.58324     0.659361     0.686388     0.660297     0.585146     0.472454     0.339457     0.206478    0.0938382            0
           0    0.0143286     0.109724     0.251097     0.417282      0.58324     0.723907     0.818027     0.851399     0.819048     0.725986     0.586453      0.42175     0.256987     0.117257            0
           0    0.0171151      0.12499     0.284609     0.472137     0.659361     0.818027      0.92417     0.961777     0.925237     0.820203     0.662729     0.476829     0.290811     0.132956            0
           0    0.0182019     0.130517     0.296595     0.491662     0.686388     0.851399     0.961777      1.00087     0.962851     0.853589     0.689781     0.496394      0.30286     0.138581            0
           0    0.0174466     0.125503     0.285286     0.472957     0.660297     0.819048     0.925237     0.962851     0.926277     0.821167     0.663582     0.477538     0.291351     0.133307            0
           0    0.0150023     0.110765     0.252473      0.41895     0.585146     0.725986     0.820203     0.853589     0.821167     0.727953     0.588192     0.423196     0.258087     0.117971            0
           0    0.0112982    0.0886249     0.203237     0.337946     0.472454     0.586453     0.662729     0.689781     0.663582     0.588192     0.475145     0.341692     0.208178    0.0949424            0
           0   0.00698479    0.0625636     0.145186     0.242379     0.339457      0.42175     0.476829     0.496394     0.477538     0.423196     0.341692     0.245486     0.149275    0.0677705            0
           0    0.0028577    0.0367127    0.0873106     0.146915     0.206478     0.256987     0.290811      0.30286     0.291351     0.258087     0.208178     0.149275    0.0904135     0.040657            0
           0 -0.000218462    0.0152639    0.0386375    0.0662365    0.0938382     0.117257     0.132956     0.138581     0.133307     0.117971    0.0949424    0.0677705     0.040657    0.0178422            0
           0            0            0            0            0            0            0            0            0            0            0            0            0            0            0            0
