           0            0            0            0            0            0            0            0            0            0            0            0            0            0            0            0
           0  -0.00440071  -0.00265502  0.000922531   0.00548289    0.0101844    0.0142461    0.0170296    0.0181165    0.0173645    0.0149265    0.0112313   0.00692935   0.00281566 -0.000245622            0
           0  -0.00265502    0.0115478    0.0337351    0.0602455    0.0869041     0.109596     0.124858     0.130385     0.125375     0.110647    0.0885213    0.0624776    0.0366476    0.0152219            0
           0  0.000922531    0.0337351    0.0833742     0.142121     0.200962     0.250929     0.284435     0.296421     0.285119     0.252318     0.203101     0.145073    0.0872249    0.0385822            0
           0   0.00548289    0.0602455     0.142121     0.238654     0.335187     0.417079     0.471927     0.491452     0.472755     0.418763     0.337782     0.242243     0.146811      0.06617            0
           0    0.0101844    0.0869041     0.200962     0.335187     0.469299      0.58301     0.659123      0.68615     0.660069     0.584935     0.472268     0.339303     0.206362     0.093763            0
           0    0.0142461     0.109596     0.250929     0.417079      0.58301     0.723659     0.817771     0.851143     0.818801     0.725758     0.586253     0.421584     0.256861     0.117175            0
           0    0.0170296     0.124858     0.284435     0.471927     0.659123     0.817771     0.923904     0.961511     0.924982     0.819967     0.662521     0.476657     0.290681     0.132872            0
           0    0.0181165     0.130385     0.296421     0.491452      0.68615     0.851143     0.961511      1.00061     0.962596     0.853354     0.689573     0.496222     0.302729     0.138497            0
           0    0.0173645     0.125375     0.285119     0.472755     0.660069     0.818801     0.924982     0.962596     0.926031     0.820941     0.663382     0.477373     0.291226     0.133226            0
           0    0.0149265     0.110647     0.252318     0.418763     0.584935     0.725758     0.819967     0.853354     0.820941     0.727744     0.588008     0.423043     0.257971     0.117896            0
           0    0.0112313    0.0885213     0.203101     0.337782     0.472268     0.586253     0.662521     0.689573     0.663382     0.588008     0.474983     0.341557     0.208076    0.0948766            0
           0   0.00692935    0.0624776     0.145073     0.242243     0.339303     0.421584     0.476657     0.496222     0.477373     0.423043     0.341557     0.245374     0.149191     0.067716            0
           0   0.00281566    0.0366476    0.0872249     0.146811     0.206362     0.256861     0.290681     0.302729     0.291226     0.257971     0.208076     0.149191    0.0903493    0.0406156            0
           0 -0.000245622    0.0152219    0.0385822      0.06617     0.093763     0.117175     0.132872     0.138497     0.133226     0.117896    0.0948766     0.067716    0.0406156    0.0178154            0
           0            0            0            0            0            0            0            0            0            0            0            0            0            0            0            0
