         0          0          0          0          0          0          0          0          0          0          0          0          0          0          0          0
         0 0.00144858 0.00557379  0.0117476  0.0190301  0.0263126  0.0324864  0.0366117  0.0380602  0.0366117  0.0324864  0.0263126  0.0190301  0.0117476 0.00557379          0
         0 0.00557379  0.0214466   0.045202  0.0732233   0.101245      0.125   0.140873   0.146447   0.140873      0.125   0.101245  0.0732233   0.045202  0.0214466          0
         0  0.0117476   0.045202  0.0952699   0.154329   0.213388   0.263456   0.296911   0.308658   0.296911   0.263456   0.213388   0.154329  0.0952699   0.045202          0
         0  0.0190301  0.0732233   0.154329       0.25   0.345671   0.426777    0.48097        0.5    0.48097   0.426777   0.345671       0.25   0.154329  0.0732233          0
         0  0.0263126   0.101245   0.213388   0.345671   0.477953   0.590097   0.665029   0.691342   0.665029   0.590097   0.477953   0.345671   0.213388   0.101245          0
         0  0.0324864      0.125   0.263456   0.426777   0.590097   0.728553   0.821067   0.853553   0.821067   0.728553   0.590097   0.426777   0.263456      0.125          0
         0  0.0366117   0.140873   0.296911    0.48097   0.665029   0.821067   0.925328    0.96194   0.925328   0.821067   0.665029    0.48097   0.296911   0.140873          0
         0  0.0380602   0.146447   0.308658        0.5   0.691342   0.853553    0.96194          1    0.96194   0.853553   0.691342        0.5   0.308658   0.146447          0
         0  0.0366117   0.140873   0.296911    0.48097   0.665029   0.821067   0.925328    0.96194   0.925328   0.821067   0.665029    0.48097   0.296911   0.140873          0
         0  0.0324864      0.125   0.263456   0.426777   0.590097   0.728553   0.821067   0.853553   0.821067   0.728553   0.590097   0.426777   0.263456      0.125          0
         0  0.0263126   0.101245   0.213388   0.345671   0.477953   0.590097   0.665029   0.691342   0.665029   0.590097   0.477953   0.345671   0.213388   0.101245          0
         0  0.0190301  0.0732233   0.154329       0.25   0.345671   0.426777    0.48097        0.5    0.48097   0.426777   0.345671       0.25   0.154329  0.0732233          0
         0  0.0117476   0.045202  0.0952699   0.154329   0.213388   0.263456   0.296911   0.308658   0.296911   0.263456   0.213388   0.154329  0.0952699   0.045202          0
         0 0.00557379  0.0214466   0.045202  0.0732233   0.101245      0.125   0.140873   0.146447   0.140873      0.125   0.101245  0.0732233   0.045202  0.0214466          0
         0          0          0          0          0          0          0          0          0          0          0          0          0          0          0          0
