           0            0            0            0            0            0            0            0            0            0            0            0            0            0            0            0
           0  -2.4802e-08 -2.75966e-08 -2.96656e-08 -3.11226e-08 -3.21133e-08 -3.27316e-08 -3.30295e-08 -3.30295e-08 -3.27316e-08 -3.21133e-08 -3.11226e-08 -2.96656e-08 -2.75966e-08  -2.4802e-08            0
           0 -2.75966e-08 -2.90164e-08 -3.03699e-08 -3.14628e-08 -3.22645e-08  -3.2786e-08 -3.30425e-08 -3.30425e-08  -3.2786e-08 -3.22645e-08 -3.14628e-08 -3.03699e-08 -2.90164e-08 -2.75966e-08            0
           0 -2.96656e-08 -3.03699e-08 -3.11959e-08 -3.19506e-08 -3.25483e-08 -3.29556e-08 -3.31609e-08 -3.31609e-08 -3.29556e-08 -3.25483e-08 -3.19506e-08 -3.11959e-08 -3.03699e-08 -2.96656e-08            0
           0 -3.11226e-08 -3.14628e-08 -3.19506e-08 -3.24493e-08 -3.28738e-08 -3.31766e-08 -3.33331e-08 -3.33331e-08 -3.31766e-08 -3.28738e-08 -3.24493e-08 -3.19506e-08 -3.14628e-08 -3.11226e-08            0
           0 -3.21133e-08 -3.22645e-08 -3.25483e-08 -3.28738e-08 -3.31709e-08 -3.33922e-08 -3.35094e-08 -3.35094e-08 -3.33922e-08 -3.31709e-08 -3.28738e-08 -3.25483e-08 -3.22645e-08 -3.21133e-08            0
           0 -3.27316e-08  -3.2786e-08 -3.29556e-08 -3.31766e-08 -3.33922e-08 -3.35593e-08 -3.36498e-08 -3.36498e-08 -3.35593e-08 -3.33922e-08 -3.31766e-08 -3.29556e-08  -3.2786e-08 -3.27316e-08            0
           0 -3.30295e-08 -3.30425e-08 -3.31609e-08 -3.33331e-08 -3.35094e-08 -3.36498e-08 -3.37268e-08 -3.37268e-08 -3.36498e-08 -3.35094e-08 -3.33331e-08 -3.31609e-08 -3.30425e-08 -3.30295e-08            0
           0 -3.30295e-08 -3.30425e-08 -3.31609e-08 -3.33331e-08 -3.35094e-08 -3.36498e-08 -3.37268e-08 -3.37268e-08 -3.36498e-08 -3.35094e-08 -3.33331e-08 -3.31609e-08 -3.30425e-08 -3.30295e-08            0
           0 -3.27316e-08  -3.2786e-08 -3.29556e-08 -3.31766e-08 -3.33922e-08 -3.35593e-08 -3.36498e-08 -3.36498e-08 -3.35593e-08 -3.33922e-08 -3.31766e-08 -3.29556e-08  -3.2786e-08 -3.27316e-08            0
           0 -3.21133e-08 -3.22645e-08 -3.25483e-08 -3.28738e-08 -3.31709e-08 -3.33922e-08 -3.35094e-08 -3.35094e-08 -3.33922e-08 -3.31709e-08 -3.28738e-08 -3.25483e-08 -3.22645e-08 -3.21133e-08            0
           0 -3.11226e-08 -3.14628e-08 -3.19506e-08 -3.24493e-08 -3.28738e-08 -3.31766e-08 -3.33331e-08 -3.33331e-08 -3.31766e-08 -3.28738e-08 -3.24493e-08 -3.19506e-08 -3.14628e-08 -3.11226e-08            0
           0 -2.96656e-08 -3.03699e-08 -3.11959e-08 -3.19506e-08 -3.25483e-08 -3.29556e-08 -3.31609e-08 -3.31609e-08 -3.29556e-08 -3.25483e-08 -3.19506e-08 -3.11959e-08 -3.03699e-08 -2.96656e-08            0
           0 -2.75966e-08 -2.90164e-08 -3.03699e-08 -3.14628e-08 -3.22645e-08  -3.2786e-08 -3.30425e-08 -3.30425e-08  -3.2786e-08 -3.22645e-08 -3.14628e-08 -3.03699e-08 -2.90164e-08 -2.75966e-08            0
           0  -2.4802e-08 -2.75966e-08 -2.96656e-08 -3.11226e-08 -3.21133e-08 -3.27316e-08 -3.30295e-08 -3.30295e-08 -3.27316e-08 -3.21133e-08 -3.11226e-08 -2.96656e-08 -2.75966e-08  -2.4802e-08            0
           0            0            0            0            0            0            0            0            0            0            0            0            0            0            0            0
