         0          0          0          0          0          0          0          0          0          0          0          0          0          0          0          0
         0 0.00118421 0.00507974  0.0110505  0.0181444  0.0252389  0.0312111   0.035109  0.0362961  0.0345491  0.0300947  0.0235839  0.0160115 0.00860628 0.00274413          0
         0 0.00507974  0.0205919  0.0440886  0.0719069  0.0997261   0.123226   0.138743   0.143829    0.13762   0.120975  0.0963555  0.0674742  0.0387805  0.0148778          0
         0  0.0110505  0.0440886  0.0939553    0.15293   0.211905   0.261776   0.294824   0.305886   0.293141   0.258384   0.206761   0.146011  0.0853135   0.033956          0
         0  0.0181444  0.0719069    0.15293   0.248705   0.344481    0.42551   0.479289   0.497463   0.477075   0.421016   0.337588   0.239247   0.140722  0.0567828          0
         0  0.0252389  0.0997261   0.211905   0.344481   0.477057   0.589243   0.663763   0.689071    0.66108    0.58377   0.468579   0.332669     0.1963   0.079714          0
         0  0.0312111   0.123226   0.261776    0.42551   0.589243   0.727809   0.819893   0.851252   0.816845   0.721569   0.579509   0.411801   0.243387  0.0991457          0
         0   0.035109   0.138743   0.294824   0.479289   0.663763   0.819893   0.923672   0.959067   0.920403   0.813183   0.653251   0.464389   0.274659   0.112035          0
         0  0.0362961   0.143829   0.305886   0.497463   0.689071   0.851252   0.959067   0.995864   0.955746   0.844427    0.67836   0.482244   0.285224   0.116351          0
         0  0.0345491    0.13762   0.293141   0.477075    0.66108   0.816845   0.920403   0.955746   0.917208   0.810282   0.650788    0.46247   0.273353   0.111376          0
         0  0.0300947   0.120975   0.258384   0.421016    0.58377   0.721569   0.813183   0.844427   0.810282   0.715622   0.574475   0.407897    0.24074  0.0978145          0
         0  0.0235839  0.0963555   0.206761   0.337588   0.468579   0.579509   0.653251    0.67836   0.650788   0.574475   0.460758    0.32665   0.192255   0.077695          0
         0  0.0160115  0.0674742   0.146011   0.239247   0.332669   0.411801   0.464389   0.482244    0.46247   0.407897    0.32665   0.230939   0.135229  0.0540826          0
         0 0.00860628  0.0387805  0.0853135   0.140722     0.1963   0.243387   0.274659   0.285224   0.273353    0.24074   0.192255   0.135229  0.0783944   0.030667          0
         0 0.00274413  0.0148778   0.033956  0.0567828   0.079714  0.0991457   0.112035   0.116351   0.111376  0.0978145   0.077695  0.0540826   0.030667  0.0113412          0
         0          0          0          0          0          0          0          0          0          0          0          0          0          0          0          0
