           0            0            0            0            0            0            0            0            0            0            0            0            0            0            0            0
           0  -0.00679589  -0.00558162  -0.00257975   0.00138715   0.00554408    0.0091936     0.011775    0.0129252    0.0125217    0.0106978   0.00782341   0.00445668   0.00127478 -0.000999584            0
           0  -0.00558162   0.00840834    0.0303575    0.0566199     0.083064      0.10563     0.120909     0.126634      0.12202     0.107873    0.0864776    0.0612493    0.0362339    0.0155114            0
           0  -0.00257975    0.0303575    0.0800734     0.138867     0.197763     0.247833     0.281533     0.293837     0.282991     0.250785     0.202279     0.145043     0.088015    0.0401519            0
           0   0.00138715    0.0566199     0.138867     0.235706     0.332518     0.414701     0.469891     0.489838     0.471665     0.418303     0.338058     0.243347     0.148818    0.0691285            0
           0   0.00554408     0.083064     0.197763     0.332518     0.467096     0.581253     0.657829     0.685368     0.659871     0.585411     0.473521     0.341444     0.209514    0.0980686            0
           0    0.0091936      0.10563     0.247833     0.414701     0.581253     0.722473     0.817143     0.851097     0.819387     0.727051     0.588354     0.424622     0.261001     0.122638            0
           0     0.011775     0.120909     0.281533     0.469891     0.657829     0.817143     0.923907     0.962142      0.92627     0.821972     0.665337     0.480418      0.29558     0.139178            0
           0    0.0129252     0.126634     0.293837     0.489838     0.685368     0.851097     0.962142      1.00189     0.964531     0.855981      0.69297     0.500515     0.308111     0.145251            0
           0    0.0125217      0.12202     0.282991     0.471665     0.659871     0.819387      0.92627     0.964531     0.928587     0.824124     0.667241     0.482008     0.296806      0.14001            0
           0    0.0106978     0.107873     0.250785     0.418303     0.585411     0.727051     0.821972     0.855981     0.824124     0.731446     0.592236     0.427855      0.26349     0.124323            0
           0   0.00782341    0.0864776     0.202279     0.338058     0.473521     0.588354     0.665337      0.69297     0.667241     0.592236     0.479531      0.34643     0.213335     0.100644            0
           0   0.00445668    0.0612493     0.145043     0.243347     0.341444     0.424622     0.480418     0.500515     0.482008     0.427855      0.34643     0.250248     0.154067    0.0726403            0
           0   0.00127478    0.0362339     0.088015     0.148818     0.209514     0.261001      0.29558     0.308111     0.296806      0.26349     0.213335     0.154067    0.0947977    0.0446349            0
           0 -0.000999584    0.0155114    0.0401519    0.0691285    0.0980686     0.122638     0.139178     0.145251      0.14001     0.124323     0.100644    0.0726403    0.0446349    0.0209491            0
           0            0            0            0            0            0            0            0            0            0            0            0            0            0            0            0
