           0            0            0            0            0            0            0            0            0            0            0            0            0            0            0            0
           0  -2.4804e-08 -2.75989e-08 -2.96681e-08 -3.11251e-08 -3.21159e-08 -3.27343e-08 -3.30322e-08 -3.30322e-08 -3.27343e-08 -3.21159e-08 -3.11251e-08 -2.96681e-08 -2.75989e-08  -2.4804e-08            0
           0 -2.75989e-08 -2.90188e-08 -3.03724e-08 -3.14654e-08 -3.22671e-08 -3.27887e-08 -3.30452e-08 -3.30452e-08 -3.27887e-08 -3.22671e-08 -3.14654e-08 -3.03724e-08 -2.90188e-08 -2.75989e-08            0
           0 -2.96681e-08 -3.03724e-08 -3.11984e-08 -3.19532e-08 -3.25509e-08 -3.29583e-08 -3.31636e-08 -3.31636e-08 -3.29583e-08 -3.25509e-08 -3.19532e-08 -3.11984e-08 -3.03724e-08 -2.96681e-08            0
           0 -3.11251e-08 -3.14654e-08 -3.19532e-08 -3.24519e-08 -3.28765e-08 -3.31793e-08 -3.33358e-08 -3.33358e-08 -3.31793e-08 -3.28765e-08 -3.24519e-08 -3.19532e-08 -3.14654e-08 -3.11251e-08            0
           0 -3.21159e-08 -3.22671e-08 -3.25509e-08 -3.28765e-08 -3.31736e-08 -3.33949e-08 -3.35121e-08 -3.35121e-08 -3.33949e-08 -3.31736e-08 -3.28765e-08 -3.25509e-08 -3.22671e-08 -3.21159e-08            0
           0 -3.27343e-08 -3.27887e-08 -3.29583e-08 -3.31793e-08 -3.33949e-08 -3.35621e-08 -3.36525e-08 -3.36525e-08 -3.35621e-08 -3.33949e-08 -3.31793e-08 -3.29583e-08 -3.27887e-08 -3.27343e-08            0
           0 -3.30322e-08 -3.30452e-08 -3.31636e-08 -3.33358e-08 -3.35121e-08 -3.36525e-08 -3.37296e-08 -3.37296e-08 -3.36525e-08 -3.35121e-08 -3.33358e-08 -3.31636e-08 -3.30452e-08 -3.30322e-08            0
           0 -3.30322e-08 -3.30452e-08 -3.31636e-08 -3.33358e-08 -3.35121e-08 -3.36525e-08 -3.37296e-08 -3.37296e-08 -3.36525e-08 -3.35121e-08 -3.33358e-08 -3.31636e-08 -3.30452e-08 -3.30322e-08            0
           0 -3.27343e-08 -3.27887e-08 -3.29583e-08 -3.31793e-08 -3.33949e-08 -3.35621e-08 -3.36525e-08 -3.36525e-08 -3.35621e-08 -3.33949e-08 -3.31793e-08 -3.29583e-08 -3.27887e-08 -3.27343e-08            0
           0 -3.21159e-08 -3.22671e-08 -3.25509e-08 -3.28765e-08 -3.31736e-08 -3.33949e-08 -3.35121e-08 -3.35121e-08 -3.33949e-08 -3.31736e-08 -3.28765e-08 -3.25509e-08 -3.22671e-08 -3.21159e-08            0
           0 -3.11251e-08 -3.14654e-08 -3.19532e-08 -3.24519e-08 -3.28765e-08 -3.31793e-08 -3.33358e-08 -3.33358e-08 -3.31793e-08 -3.28765e-08 -3.24519e-08 -3.19532e-08 -3.14654e-08 -3.11251e-08            0
           0 -2.96681e-08 -3.03724e-08 -3.11984e-08 -3.19532e-08 -3.25509e-08 -3.29583e-08 -3.31636e-08 -3.31636e-08 -3.29583e-08 -3.25509e-08 -3.19532e-08 -3.11984e-08 -3.03724e-08 -2.96681e-08            0
           0 -2.75989e-08 -2.90188e-08 -3.03724e-08 -3.14654e-08 -3.22671e-08 -3.27887e-08 -3.30452e-08 -3.30452e-08 -3.27887e-08 -3.22671e-08 -3.14654e-08 -3.03724e-08 -2.90188e-08 -2.75989e-08            0
           0  -2.4804e-08 -2.75989e-08 -2.96681e-08 -3.11251e-08 -3.21159e-08 -3.27343e-08 -3.30322e-08 -3.30322e-08 -3.27343e-08 -3.21159e-08 -3.11251e-08 -2.96681e-08 -2.75989e-08  -2.4804e-08            0
           0            0            0            0            0            0            0            0            0            0            0            0            0            0            0            0
