          0           0           0           0           0           0           0           0           0           0           0           0           0           0           0           0
          0 0.000934146  0.00457956   0.0103024   0.0171575   0.0240352   0.0298322   0.0336189   0.0347774   0.0330916   0.0287812    0.022479   0.0151579   0.0080282    0.002453           0
          0  0.00457956   0.0195892   0.0425835    0.069911   0.0972772    0.120404     0.13568    0.140701    0.134622    0.118283   0.0941028   0.0657429   0.0376128   0.0142913           0
          0   0.0103024   0.0425835   0.0916813    0.149887    0.208131     0.25738    0.290013    0.300957    0.288428    0.254182    0.203278    0.143359   0.0835388   0.0330686           0
          0   0.0171575    0.069911    0.149887     0.24458     0.33928    0.419348    0.472458    0.490427    0.470373    0.415111    0.332769    0.235633     0.13833   0.0555945           0
          0   0.0240352   0.0972772    0.208131     0.33928    0.470358    0.581132    0.654621    0.679593      0.6521    0.575976    0.462346    0.328084    0.193309   0.0782407           0
          0   0.0298322    0.120404     0.25738    0.419348    0.581132    0.717768    0.808385    0.839245    0.805528    0.711898    0.571935    0.406341    0.239878   0.0974318           0
          0   0.0336189     0.13568    0.290013    0.472458    0.654621    0.808385    0.910321    0.945073    0.907264    0.802081    0.644692    0.458314    0.270799    0.110162           0
          0   0.0347774    0.140701    0.300957    0.490427    0.679593    0.839245    0.945073    0.981169     0.94197    0.832837    0.669478    0.475978    0.281261    0.114433           0
          0   0.0330916    0.134622    0.288428    0.470373      0.6521    0.805528    0.907264     0.94197    0.904275    0.799361    0.642375    0.456505    0.269566    0.109539           0
          0   0.0287812    0.118283    0.254182    0.415111    0.575976    0.711898    0.802081    0.832837    0.799361      0.7063    0.567187    0.402654    0.237377   0.0961735           0
          0    0.022479   0.0941028    0.203278    0.332769    0.462346    0.571935    0.644692    0.669478    0.642375    0.567187    0.454945    0.322387    0.189482   0.0763317           0
          0   0.0151579   0.0657429    0.143359    0.235633    0.328084    0.406341    0.458314    0.475978    0.456505    0.402654    0.322387    0.227757    0.133131   0.0530431           0
          0   0.0080282   0.0376128   0.0835388     0.13833    0.193309    0.239878    0.270799    0.281261    0.269566    0.237377    0.189482    0.133131   0.0769971   0.0299708           0
          0    0.002453   0.0142913   0.0330686   0.0555945   0.0782407   0.0974318    0.110162    0.114433    0.109539   0.0961735   0.0763317   0.0530431   0.0299708   0.0109931           0
          0           0           0           0           0           0           0           0           0           0           0           0           0           0           0           0
