         0          0          0          0          0          0          0          0          0          0          0          0          0          0          0          0
         0 0.00121387 0.00513901  0.0111391  0.0182613  0.0253814  0.0313743  0.0352854  0.0364759  0.0347216  0.0302502  0.0237147  0.0161125 0.00867473 0.00277863          0
         0 0.00513901  0.0207106  0.0442668  0.0721432   0.100016    0.12356   0.139106   0.144199   0.137975   0.121294  0.0966222  0.0676791  0.0389187  0.0149473          0
         0  0.0111391  0.0442668  0.0942245    0.15329   0.212352   0.262297   0.295393    0.30647   0.293699   0.258881   0.207173   0.146324  0.0855235  0.0340611          0
         0  0.0182613  0.0721432    0.15329   0.249193   0.345097   0.426239   0.480098   0.498295   0.477868   0.421715   0.338158   0.239675   0.141005  0.0569234          0
         0  0.0253814   0.100016   0.212352   0.345097    0.47785   0.590203   0.664846   0.690193   0.662142   0.584692   0.469316   0.333211   0.196654  0.0798883          0
         0  0.0313743    0.12356   0.262297   0.426239   0.590203   0.728998   0.821255   0.852673   0.818185   0.722713   0.580405   0.412446   0.243802  0.0993484          0
         0  0.0352854   0.139106   0.295393   0.480098   0.664846   0.821255   0.925252   0.960724   0.921958   0.814496   0.654263   0.465107   0.275116   0.112257          0
         0  0.0364759   0.144199    0.30647   0.498295   0.690193   0.852673   0.960724   0.997604   0.957377   0.845799   0.679411   0.482985   0.285693   0.116578          0
         0  0.0347216   0.137975   0.293699   0.477868   0.662142   0.818185   0.921958   0.957377   0.918738   0.811574   0.651783   0.463176   0.273801   0.111593          0
         0  0.0302502   0.121294   0.258881   0.421715   0.584692   0.722713   0.814496   0.845799   0.811574   0.716724   0.575337   0.408516   0.241138  0.0980086          0
         0  0.0237147  0.0966222   0.207173   0.338158   0.469316   0.580405   0.654263   0.679411   0.651783   0.575337   0.461445   0.327154   0.192583  0.0778563          0
         0  0.0161125  0.0676791   0.146324   0.239675   0.333211   0.412446   0.465107   0.482985   0.463176   0.408516   0.327154   0.231316   0.135478  0.0542056          0
         0 0.00867473  0.0389187  0.0855235   0.141005   0.196654   0.243802   0.275116   0.285693   0.273801   0.241138   0.192583   0.135478  0.0785597  0.0307494          0
         0 0.00277863  0.0149473  0.0340611  0.0569234  0.0798883  0.0993484   0.112257   0.116578   0.111593  0.0980086  0.0778563  0.0542056  0.0307494  0.0113824          0
         0          0          0          0          0          0          0          0          0          0          0          0          0          0          0          0
