           0            0            0            0            0            0            0            0            0            0            0            0            0            0            0            0
           0 -2.48018e-08 -2.75964e-08 -2.96654e-08 -3.11223e-08  -3.2113e-08 -3.27313e-08 -3.30292e-08 -3.30292e-08 -3.27313e-08  -3.2113e-08 -3.11223e-08 -2.96654e-08 -2.75964e-08 -2.48018e-08            0
           0 -2.75964e-08 -2.90162e-08 -3.03696e-08 -3.14625e-08 -3.22642e-08 -3.27857e-08 -3.30422e-08 -3.30422e-08 -3.27857e-08 -3.22642e-08 -3.14625e-08 -3.03696e-08 -2.90162e-08 -2.75964e-08            0
           0 -2.96654e-08 -3.03696e-08 -3.11956e-08 -3.19503e-08  -3.2548e-08 -3.29553e-08 -3.31606e-08 -3.31606e-08 -3.29553e-08  -3.2548e-08 -3.19503e-08 -3.11956e-08 -3.03696e-08 -2.96654e-08            0
           0 -3.11223e-08 -3.14625e-08 -3.19503e-08  -3.2449e-08 -3.28735e-08 -3.31763e-08 -3.33328e-08 -3.33328e-08 -3.31763e-08 -3.28735e-08  -3.2449e-08 -3.19503e-08 -3.14625e-08 -3.11223e-08            0
           0  -3.2113e-08 -3.22642e-08  -3.2548e-08 -3.28735e-08 -3.31706e-08 -3.33919e-08 -3.35091e-08 -3.35091e-08 -3.33919e-08 -3.31706e-08 -3.28735e-08  -3.2548e-08 -3.22642e-08  -3.2113e-08            0
           0 -3.27313e-08 -3.27857e-08 -3.29553e-08 -3.31763e-08 -3.33919e-08  -3.3559e-08 -3.36495e-08 -3.36495e-08  -3.3559e-08 -3.33919e-08 -3.31763e-08 -3.29553e-08 -3.27857e-08 -3.27313e-08            0
           0 -3.30292e-08 -3.30422e-08 -3.31606e-08 -3.33328e-08 -3.35091e-08 -3.36495e-08 -3.37265e-08 -3.37265e-08 -3.36495e-08 -3.35091e-08 -3.33328e-08 -3.31606e-08 -3.30422e-08 -3.30292e-08            0
           0 -3.30292e-08 -3.30422e-08 -3.31606e-08 -3.33328e-08 -3.35091e-08 -3.36495e-08 -3.37265e-08 -3.37265e-08 -3.36495e-08 -3.35091e-08 -3.33328e-08 -3.31606e-08 -3.30422e-08 -3.30292e-08            0
           0 -3.27313e-08 -3.27857e-08 -3.29553e-08 -3.31763e-08 -3.33919e-08  -3.3559e-08 -3.36495e-08 -3.36495e-08  -3.3559e-08 -3.33919e-08 -3.31763e-08 -3.29553e-08 -3.27857e-08 -3.27313e-08            0
           0  -3.2113e-08 -3.22642e-08  -3.2548e-08 -3.28735e-08 -3.31706e-08 -3.33919e-08 -3.35091e-08 -3.35091e-08 -3.33919e-08 -3.31706e-08 -3.28735e-08  -3.2548e-08 -3.22642e-08  -3.2113e-08            0
           0 -3.11223e-08 -3.14625e-08 -3.19503e-08  -3.2449e-08 -3.28735e-08 -3.31763e-08 -3.33328e-08 -3.33328e-08 -3.31763e-08 -3.28735e-08  -3.2449e-08 -3.19503e-08 -3.14625e-08 -3.11223e-08            0
           0 -2.96654e-08 -3.03696e-08 -3.11956e-08 -3.19503e-08  -3.2548e-08 -3.29553e-08 -3.31606e-08 -3.31606e-08 -3.29553e-08  -3.2548e-08 -3.19503e-08 -3.11956e-08 -3.03696e-08 -2.96654e-08            0
           0 -2.75964e-08 -2.90162e-08 -3.03696e-08 -3.14625e-08 -3.22642e-08 -3.27857e-08 -3.30422e-08 -3.30422e-08 -3.27857e-08 -3.22642e-08 -3.14625e-08 -3.03696e-08 -2.90162e-08 -2.75964e-08            0
           0 -2.48018e-08 -2.75964e-08 -2.96654e-08 -3.11223e-08  -3.2113e-08 -3.27313e-08 -3.30292e-08 -3.30292e-08 -3.27313e-08  -3.2113e-08 -3.11223e-08 -2.96654e-08 -2.75964e-08 -2.48018e-08            0
           0            0            0            0            0            0            0            0            0            0            0            0            0            0            0            0
