           0            0            0            0            0            0            0            0            0            0            0            0            0            0            0            0
           0   -0.0053445  -0.00357941 -0.000129778   0.00419007   0.00860431    0.0124081    0.0150317    0.0161061    0.0155099    0.0133858    0.0101222   0.00630206    0.0026308 -0.000140532            0
           0  -0.00357941    0.0110847    0.0335311    0.0601422    0.0868038     0.109465     0.124719     0.130302     0.125433      0.11093    0.0890893     0.063348    0.0377726    0.0164653            0
           0 -0.000129778    0.0335311    0.0837215     0.142794     0.201812     0.251876      0.28546      0.29755     0.286402     0.253814     0.204855     0.147103    0.0895061    0.0410315            0
           0   0.00419007    0.0601422     0.142794     0.239803     0.336613     0.418671     0.473646      0.49331     0.474798      0.42105     0.340371     0.245176     0.150107    0.0698201            0
           0   0.00860431    0.0868038     0.201812     0.336613      0.47106     0.584972     0.661237      0.68843      0.66257     0.587732     0.475444     0.342933     0.210516    0.0985135            0
           0    0.0124081     0.109465     0.251876     0.418671     0.584972     0.725841     0.820119     0.853677     0.821589     0.728893     0.589841     0.425735     0.261691     0.122826            0
           0    0.0150317     0.124719      0.28546     0.473646     0.661237     0.820119     0.926431     0.964239     0.927984     0.823349     0.666404     0.481171     0.295976     0.139136            0
           0    0.0161061     0.130302      0.29755      0.49331      0.68843     0.853677     0.964239      1.00354     0.965812     0.856952     0.693675     0.500961     0.308264     0.145033            0
           0    0.0155099     0.125433     0.286402     0.474798      0.66257     0.821589     0.927984     0.965812     0.929512     0.824768     0.667658     0.482217     0.296781     0.139681            0
           0    0.0133858      0.11093     0.253814      0.42105     0.587732     0.728893     0.823349     0.856952     0.824768     0.731843     0.592443     0.427898     0.263353     0.123948            0
           0    0.0101222    0.0890893     0.204855     0.340371     0.475444     0.589841     0.666404     0.693675     0.667658     0.592443     0.479587     0.346362     0.213137     0.100275            0
           0   0.00630206     0.063348     0.147103     0.245176     0.342933     0.425735     0.481171     0.500961     0.482217     0.427898     0.346362       0.2501      0.15384    0.0723094            0
           0    0.0026308    0.0377726    0.0895061     0.150107     0.210516     0.261691     0.295976     0.308264     0.296781     0.263353     0.213137      0.15384    0.0945487    0.0443509            0
           0 -0.000140532    0.0164653    0.0410315    0.0698201    0.0985135     0.122826     0.139136     0.145033     0.139681     0.123948     0.100275    0.0723094    0.0443509    0.0207034            0
           0            0            0            0            0            0            0            0            0            0            0            0            0            0            0            0
