           0            0            0            0            0            0            0            0            0            0            0            0            0            0            0            0
           0  -0.00662868  -0.00540812  -0.00238355   0.00161834   0.00581444    0.0094977    0.0120986    0.0132477    0.0128199    0.0109498   0.00801262   0.00457537   0.00132694 -0.000995216            0
           0  -0.00540812   0.00853291    0.0304563     0.056711    0.0831577     0.105729     0.121008     0.126724     0.122086     0.107904    0.0864634    0.0611859    0.0361258    0.0153745            0
           0  -0.00238355    0.0304563    0.0801091     0.138866     0.197741     0.247799     0.281489     0.293776     0.282905     0.250665     0.202117     0.144836    0.0877623    0.0398625            0
           0   0.00161834     0.056711     0.138866     0.235648     0.332425     0.414586     0.469758     0.489684     0.471482     0.418083     0.337791     0.243025     0.148437    0.0686858            0
           0   0.00581444    0.0831577     0.197741     0.332425      0.46696      0.58109     0.657644     0.685157     0.659627     0.585123     0.473176     0.341031     0.209022    0.0974846            0
           0    0.0094977     0.105729     0.247799     0.414586      0.58109     0.722279     0.816924     0.850849     0.819102     0.726716     0.587954      0.42414     0.260421     0.121938            0
           0    0.0120986     0.121008     0.281489     0.469758     0.657644     0.816924     0.923661     0.961866     0.925953     0.821601     0.664895     0.479887     0.294937     0.138397            0
           0    0.0132477     0.126724     0.293776     0.489684     0.685157     0.850849     0.961866      1.00158     0.964182     0.855578     0.692496     0.499951     0.307434     0.144431            0
           0    0.0128199     0.122086     0.282905     0.471482     0.659627     0.819102     0.925953     0.964182     0.928199     0.823686     0.666739     0.481425     0.296121     0.139196            0
           0    0.0109498     0.107904     0.250665     0.418083     0.585123     0.726716     0.821601     0.855578     0.823686     0.730968     0.591709     0.427266     0.262822     0.123554            0
           0   0.00801262    0.0864634     0.202117     0.337791     0.473176     0.587954     0.664895     0.692496     0.666739     0.591709     0.478975      0.34584     0.212701    0.0999523            0
           0   0.00457537    0.0611859     0.144836     0.243025     0.341031      0.42414     0.479887     0.499951     0.481425     0.427266      0.34584      0.24966     0.153478    0.0720446            0
           0   0.00132694    0.0361258    0.0877623     0.148437     0.209022     0.260421     0.294937     0.307434     0.296121     0.262822     0.212701     0.153478    0.0942564    0.0441416            0
           0 -0.000995216    0.0153745    0.0398625    0.0686858    0.0974846     0.121938     0.138397     0.144431     0.139196     0.123554    0.0999523    0.0720446    0.0441416    0.0205568            0
           0            0            0            0            0            0            0            0            0            0            0            0            0            0            0            0
