           0            0            0            0            0            0            0            0            0            0            0            0            0            0            0            0
           0   -0.0063637  -0.00502354  -0.00190324   0.00216857     0.006409    0.0101125    0.0127117    0.0138394     0.013373    0.0114494   0.00844601    0.0049321   0.00159863 -0.000814895            0
           0  -0.00502354   0.00908927    0.0311477    0.0574987    0.0840043       0.1066     0.121873     0.127555     0.122861     0.108603    0.0870689    0.0616844    0.0365057    0.0156269            0
           0  -0.00190324    0.0311477     0.080963     0.139832     0.198772     0.248853     0.282528      0.29477     0.283828     0.251495     0.202836     0.145427    0.0882134    0.0401629            0
           0   0.00216857    0.0574987     0.139832     0.236733     0.333573      0.41575     0.470898     0.490767     0.472482     0.418979     0.338565     0.243662     0.148923    0.0690106            0
           0     0.006409    0.0840043     0.198772     0.333573     0.468165     0.582301      0.65882     0.686267     0.660646     0.586032      0.47396     0.341675     0.209514    0.0978137            0
           0    0.0101125       0.1066     0.248853      0.41575     0.582301     0.723485     0.818085     0.851936     0.820094     0.727596      0.58871     0.424761     0.260896     0.122255            0
           0    0.0127117     0.121873     0.282528     0.470898      0.65882     0.818085     0.924769     0.962895     0.926886     0.822424       0.6656     0.480464     0.295378     0.138693            0
           0    0.0138394     0.127555      0.29477     0.490767     0.686267     0.851936     0.962895      1.00253     0.965035     0.856327     0.693135     0.500473     0.307833     0.144699            0
           0     0.013373     0.122861     0.283828     0.472482     0.660646     0.820094     0.926886     0.965035     0.928962     0.824352     0.667305     0.481886     0.296473     0.139432            0
           0    0.0114494     0.108603     0.251495     0.418979     0.586032     0.727596     0.822424     0.856327     0.824352     0.731547     0.592198     0.427664     0.263126     0.123758            0
           0   0.00844601    0.0870689     0.202836     0.338565      0.47396      0.58871       0.6656     0.693135     0.667305     0.592198     0.479388     0.346175     0.212955     0.100123            0
           0    0.0049321    0.0616844     0.145427     0.243662     0.341675     0.424761     0.480464     0.500473     0.481886     0.427664     0.346175     0.249931     0.153683    0.0721824            0
           0   0.00159863    0.0365057    0.0882134     0.148923     0.209514     0.260896     0.295378     0.307833     0.296473     0.263126     0.212955     0.153683     0.094412    0.0442458            0
           0 -0.000814895    0.0156269    0.0401629    0.0690106    0.0978137     0.122255     0.138693     0.144699     0.139432     0.123758     0.100123    0.0721824    0.0442458    0.0206264            0
           0            0            0            0            0            0            0            0            0            0            0            0            0            0            0            0
