           0            0            0            0            0            0            0            0            0            0            0            0            0            0            0            0
           0  -0.00657428  -0.00532849  -0.00228287   0.00173514   0.00594212   0.00963106    0.0122327     0.013378    0.0129424    0.0110609   0.00810933   0.00465522   0.00138796 -0.000954507            0
           0  -0.00532849   0.00864945    0.0306034    0.0568813    0.0833437     0.105923     0.121203     0.126913     0.122264     0.108065    0.0866031    0.0613012    0.0362138    0.0154332            0
           0  -0.00228287    0.0306034    0.0802945      0.13908     0.197975     0.248042     0.281732     0.294011     0.283126     0.250865     0.202291     0.144979    0.0878717    0.0399354            0
           0   0.00173514    0.0568813      0.13908     0.235895     0.332693     0.414864     0.470036     0.489953     0.471733      0.41831     0.337988     0.243187     0.148561    0.0687687            0
           0   0.00594212    0.0833437     0.197975     0.332693      0.46725      0.58139     0.657943     0.685446     0.659896     0.585366     0.473387     0.341204     0.209154     0.097573            0
           0   0.00963106     0.105923     0.248042     0.414864      0.58139     0.722589     0.817232     0.851145     0.819377     0.726964     0.588168     0.424317     0.260556     0.122028            0
           0    0.0122327     0.121203     0.281732     0.470036     0.657943     0.817232     0.923965     0.962158     0.926224     0.821844     0.665105      0.48006     0.295069     0.138485            0
           0     0.013378     0.126913     0.294011     0.489953     0.685446     0.851145     0.962158      1.00186     0.964441      0.85581     0.692696     0.500115      0.30756     0.144515            0
           0    0.0129424     0.122264     0.283126     0.471733     0.659896     0.819377     0.926224     0.964441     0.928438       0.8239     0.666923     0.481576     0.296237     0.139273            0
           0    0.0110609     0.108065     0.250865      0.41831     0.585366     0.726964     0.821844      0.85581       0.8239     0.731159     0.591873       0.4274     0.262925     0.123623            0
           0   0.00810933    0.0866031     0.202291     0.337988     0.473387     0.588168     0.665105     0.692696     0.666923     0.591873     0.479117     0.345956     0.212789     0.100011            0
           0   0.00465522    0.0613012     0.144979     0.243187     0.341204     0.424317      0.48006     0.500115     0.481576       0.4274     0.345956     0.249754      0.15355    0.0720928            0
           0   0.00138796    0.0362138    0.0878717     0.148561     0.209154     0.260556     0.295069      0.30756     0.296237     0.262925     0.212789      0.15355    0.0943111    0.0441782            0
           0 -0.000954507    0.0154332    0.0399354    0.0687687     0.097573     0.122028     0.138485     0.144515     0.139273     0.123623     0.100011    0.0720928    0.0441782    0.0205813            0
           0            0            0            0            0            0            0            0            0            0            0            0            0            0            0            0
