          0           0           0           0           0           0           0           0           0           0           0           0           0           0           0           0
          0 -0.00664494 -0.00543207 -0.00241411  0.00158247  0.00577472  0.00945569   0.0120559   0.0132057   0.0127801   0.0109133  0.00798061  0.00454878  0.00130652  -0.0010089           0
          0 -0.00543207  0.00849764   0.0304113   0.0566581   0.0830993    0.105668    0.120945    0.126662    0.122028    0.107851   0.0864164   0.0611469   0.0360958   0.0153544           0
          0 -0.00241411   0.0304113   0.0800517    0.138799    0.197667    0.247721    0.281409    0.293697    0.282831    0.250597    0.202058    0.144786   0.0877243   0.0398371           0
          0  0.00158247   0.0566581    0.138799    0.235569    0.332338    0.414494    0.469664    0.489592    0.471395    0.418003    0.337721    0.242967    0.148392   0.0686562           0
          0  0.00577472   0.0830993    0.197667    0.332338    0.466864    0.580989    0.657541    0.685056    0.659531    0.585036      0.4731    0.340967    0.208973    0.097452           0
          0  0.00945569    0.105668    0.247721    0.414494    0.580989    0.722172    0.816816    0.850743    0.819001    0.726624    0.587874    0.424074     0.26037    0.121903           0
          0   0.0120559    0.120945    0.281409    0.469664    0.657541    0.816816    0.923551    0.961758    0.925851    0.821508    0.664814     0.47982    0.294885    0.138362           0
          0   0.0132057    0.126662    0.293697    0.489592    0.685056    0.850743    0.961758     1.00147    0.964083    0.855487    0.692417    0.499885    0.307384    0.144398           0
          0   0.0127801    0.122028    0.282831    0.471395    0.659531    0.819001    0.925851    0.964083    0.928105      0.8236    0.666664    0.481363    0.296074    0.139164           0
          0   0.0109133    0.107851    0.250597    0.418003    0.585036    0.726624    0.821508    0.855487      0.8236     0.73089     0.59164    0.427209    0.262779    0.123525           0
          0  0.00798061   0.0864164    0.202058    0.337721      0.4731    0.587874    0.664814    0.692417    0.666664     0.59164    0.478916    0.345791    0.212663   0.0999269           0
          0  0.00454878   0.0611469    0.144786    0.242967    0.340967    0.424074     0.47982    0.499885    0.481363    0.427209    0.345791    0.249619    0.153446   0.0720236           0
          0  0.00130652   0.0360958   0.0877243    0.148392    0.208973     0.26037    0.294885    0.307384    0.296074    0.262779    0.212663    0.153446   0.0942324   0.0441255           0
          0  -0.0010089   0.0153544   0.0398371   0.0686562    0.097452    0.121903    0.138362    0.144398    0.139164    0.123525   0.0999269   0.0720236   0.0441255    0.020546           0
          0           0           0           0           0           0           0           0           0           0           0           0           0           0           0           0
