          0           0           0           0           0           0           0           0           0           0           0           0           0           0           0           0
          0 -0.00665268 -0.00544351 -0.00242881  0.00156508   0.0057553  0.00943494   0.0120345   0.0131845   0.0127598   0.0108946   0.0079641  0.00453499  0.00129588 -0.00101606           0
          0 -0.00544351  0.00848072   0.0303895   0.0566324   0.0830706    0.105637    0.120914    0.126631    0.121998    0.107823    0.086392   0.0611265   0.0360801   0.0153438           0
          0 -0.00242881   0.0303895   0.0800238    0.138766     0.19763    0.247681    0.281368    0.293657    0.282793    0.250562    0.202027     0.14476   0.0877042   0.0398235           0
          0  0.00156508   0.0566324    0.138766     0.23553    0.332294    0.414448    0.469617    0.489545     0.47135    0.417961    0.337684    0.242936    0.148368   0.0686402           0
          0   0.0057553   0.0830706     0.19763    0.332294    0.466815    0.580937    0.657487    0.685003    0.659481    0.584989    0.473059    0.340933    0.208946   0.0974341           0
          0  0.00943494    0.105637    0.247681    0.414448    0.580937    0.722117    0.816759    0.850687    0.818947    0.726575     0.58783    0.424037    0.260342    0.121884           0
          0   0.0120345    0.120914    0.281368    0.469617    0.657487    0.816759    0.923492      0.9617    0.925796    0.821457    0.664768    0.479782    0.294856    0.138342           0
          0   0.0131845    0.126631    0.293657    0.489545    0.685003    0.850687      0.9617     1.00142    0.964028    0.855436    0.692372    0.499847    0.307355    0.144378           0
          0   0.0127598    0.121998    0.282793     0.47135    0.659481    0.818947    0.925796    0.964028    0.928053    0.823552    0.666621    0.481327    0.296046    0.139145           0
          0   0.0108946    0.107823    0.250562    0.417961    0.584989    0.726575    0.821457    0.855436    0.823552    0.730845    0.591601    0.427176    0.262754    0.123508           0
          0   0.0079641    0.086392    0.202027    0.337684    0.473059     0.58783    0.664768    0.692372    0.666621    0.591601    0.478881    0.345762    0.212641   0.0999119           0
          0  0.00453499   0.0611265     0.14476    0.242936    0.340933    0.424037    0.479782    0.499847    0.481327    0.427176    0.345762    0.249595    0.153428   0.0720111           0
          0  0.00129588   0.0360801   0.0877042    0.148368    0.208946    0.260342    0.294856    0.307355    0.296046    0.262754    0.212641    0.153428   0.0942179   0.0441158           0
          0 -0.00101606   0.0153438   0.0398235   0.0686402   0.0974341    0.121884    0.138342    0.144378    0.139145    0.123508   0.0999119   0.0720111   0.0441158   0.0205394           0
          0           0           0           0           0           0           0           0           0           0           0           0           0           0           0           0
