          0           0           0           0           0           0           0           0           0           0           0           0           0           0           0           0
          0 -0.00665291 -0.00544384 -0.00242924  0.00156457  0.00575473  0.00943433   0.0120339   0.0131839   0.0127592    0.010894   0.0079636  0.00453456  0.00129555 -0.00101629           0
          0 -0.00544384  0.00848023   0.0303889   0.0566317   0.0830698    0.105636    0.120913     0.12663    0.121997    0.107822   0.0863913   0.0611259   0.0360796   0.0153435           0
          0 -0.00242924   0.0303889    0.080023    0.138765    0.197629     0.24768    0.281367    0.293656    0.282791    0.250561    0.202026    0.144759   0.0877036   0.0398231           0
          0  0.00156457   0.0566317    0.138765    0.235529    0.332293    0.414446    0.469615    0.489544    0.471348     0.41796    0.337683    0.242935    0.148368   0.0686397           0
          0  0.00575473   0.0830698    0.197629    0.332293    0.466814    0.580935    0.657486    0.685002    0.659479    0.584987    0.473057    0.340932    0.208945   0.0974336           0
          0  0.00943433    0.105636     0.24768    0.414446    0.580935    0.722115    0.816757    0.850685    0.818946    0.726573    0.587828    0.424036    0.260341    0.121884           0
          0   0.0120339    0.120913    0.281367    0.469615    0.657486    0.816757     0.92349    0.961698    0.925794    0.821455    0.664767    0.479781    0.294855    0.138342           0
          0   0.0131839     0.12663    0.293656    0.489544    0.685002    0.850685    0.961698     1.00142    0.964026    0.855435    0.692371    0.499846    0.307354    0.144378           0
          0   0.0127592    0.121997    0.282791    0.471348    0.659479    0.818946    0.925794    0.964026    0.928051     0.82355     0.66662    0.481326    0.296045    0.139145           0
          0    0.010894    0.107822    0.250561     0.41796    0.584987    0.726573    0.821455    0.855435     0.82355    0.730844      0.5916    0.427175    0.262753    0.123508           0
          0   0.0079636   0.0863913    0.202026    0.337683    0.473057    0.587828    0.664767    0.692371     0.66662      0.5916     0.47888    0.345761     0.21264   0.0999114           0
          0  0.00453456   0.0611259    0.144759    0.242935    0.340932    0.424036    0.479781    0.499846    0.481326    0.427175    0.345761    0.249594    0.153427   0.0720106           0
          0  0.00129555   0.0360796   0.0877036    0.148368    0.208945    0.260341    0.294855    0.307354    0.296045    0.262753     0.21264    0.153427   0.0942174   0.0441155           0
          0 -0.00101629   0.0153435   0.0398231   0.0686397   0.0974336    0.121884    0.138342    0.144378    0.139145    0.123508   0.0999114   0.0720106   0.0441155   0.0205392           0
          0           0           0           0           0           0           0           0           0           0           0           0           0           0           0           0
