          0           0           0           0           0           0           0           0           0           0           0           0           0           0           0           0
          0 -0.00665205 -0.00544257  -0.0024276  0.00156652  0.00575691  0.00943667   0.0120363   0.0131863   0.0127615   0.0108962  0.00796552  0.00453617   0.0012968 -0.00101545           0
          0 -0.00544257  0.00848211   0.0303913   0.0566346    0.083073     0.10564    0.120917    0.126633       0.122    0.107826   0.0863941   0.0611283   0.0360815   0.0153448           0
          0  -0.0024276   0.0303913   0.0800261    0.138768    0.197633    0.247685    0.281372    0.293661    0.282796    0.250565    0.202029    0.144762   0.0877059   0.0398247           0
          0  0.00156652   0.0566346    0.138768    0.235533    0.332298    0.414451    0.469621    0.489549    0.471353    0.417965    0.337687    0.242939     0.14837   0.0686416           0
          0  0.00575691    0.083073    0.197633    0.332298    0.466819    0.580941    0.657492    0.685008    0.659485    0.584993    0.473062    0.340936    0.208949   0.0974357           0
          0  0.00943667     0.10564    0.247685    0.414451    0.580941    0.722121    0.816764    0.850691    0.818952    0.726579    0.587833     0.42404    0.260344    0.121886           0
          0   0.0120363    0.120917    0.281372    0.469621    0.657492    0.816764    0.923497    0.961705    0.925801    0.821461    0.664772    0.479785    0.294859    0.138344           0
          0   0.0131863    0.126633    0.293661    0.489549    0.685008    0.850691    0.961705     1.00142    0.964032    0.855441    0.692376    0.499851    0.307358     0.14438           0
          0   0.0127615       0.122    0.282796    0.471353    0.659485    0.818952    0.925801    0.964032    0.928057    0.823556    0.666625    0.481331    0.296049    0.139147           0
          0   0.0108962    0.107826    0.250565    0.417965    0.584993    0.726579    0.821461    0.855441    0.823556    0.730849    0.591605    0.427179    0.262756     0.12351           0
          0  0.00796552   0.0863941    0.202029    0.337687    0.473062    0.587833    0.664772    0.692376    0.666625    0.591605    0.478884    0.345764    0.212643   0.0999133           0
          0  0.00453617   0.0611283    0.144762    0.242939    0.340936     0.42404    0.479785    0.499851    0.481331    0.427179    0.345764    0.249597    0.153429   0.0720122           0
          0   0.0012968   0.0360815   0.0877059     0.14837    0.208949    0.260344    0.294859    0.307358    0.296049    0.262756    0.212643    0.153429   0.0942192   0.0441167           0
          0 -0.00101545   0.0153448   0.0398247   0.0686416   0.0974357    0.121886    0.138344     0.14438    0.139147     0.12351   0.0999133   0.0720122   0.0441167     0.02054           0
          0           0           0           0           0           0           0           0           0           0           0           0           0           0           0           0
