          0           0           0           0           0           0           0           0           0           0           0           0           0           0           0           0
          0 -0.00665024 -0.00543989 -0.00242416   0.0015706  0.00576149  0.00944157   0.0120414   0.0131913   0.0127663   0.0109007  0.00796947  0.00453948  0.00129935 -0.00101372           0
          0 -0.00543989  0.00848608   0.0303964   0.0566406   0.0830798    0.105647    0.120924    0.126641    0.122008    0.107832      0.0864   0.0611332   0.0360852   0.0153473           0
          0 -0.00242416   0.0303964   0.0800326    0.138776    0.197642    0.247694    0.281381     0.29367    0.282805    0.250573    0.202037    0.144769   0.0877108    0.039828           0
          0   0.0015706   0.0566406    0.138776    0.235542    0.332308    0.414462    0.469632     0.48956    0.471364    0.417975    0.337696    0.242947    0.148376   0.0686454           0
          0  0.00576149   0.0830798    0.197642    0.332308    0.466831    0.580953    0.657505    0.685021    0.659497    0.585004    0.473072    0.340944    0.208955     0.09744           0
          0  0.00944157    0.105647    0.247694    0.414462    0.580953    0.722135    0.816777    0.850705    0.818965    0.726591    0.587844    0.424049    0.260351    0.121891           0
          0   0.0120414    0.120924    0.281381    0.469632    0.657505    0.816777    0.923511    0.961719    0.925814    0.821474    0.664783    0.479794    0.294866    0.138349           0
          0   0.0131913    0.126641     0.29367     0.48956    0.685021    0.850705    0.961719     1.00144    0.964046    0.855453    0.692387     0.49986    0.307365    0.144385           0
          0   0.0127663    0.122008    0.282805    0.471364    0.659497    0.818965    0.925814    0.964046     0.92807    0.823568    0.666636    0.481339    0.296056    0.139151           0
          0   0.0109007    0.107832    0.250573    0.417975    0.585004    0.726591    0.821474    0.855453    0.823568     0.73086    0.591614    0.427187    0.262762    0.123514           0
          0  0.00796947      0.0864    0.202037    0.337696    0.473072    0.587844    0.664783    0.692387    0.666636    0.591614    0.478893    0.345771    0.212648    0.099917           0
          0  0.00453948   0.0611332    0.144769    0.242947    0.340944    0.424049    0.479794     0.49986    0.481339    0.427187    0.345771    0.249603    0.153434   0.0720153           0
          0  0.00129935   0.0360852   0.0877108    0.148376    0.208955    0.260351    0.294866    0.307365    0.296056    0.262762    0.212648    0.153434   0.0942228   0.0441191           0
          0 -0.00101372   0.0153473    0.039828   0.0686454     0.09744    0.121891    0.138349    0.144385    0.139151    0.123514    0.099917   0.0720153   0.0441191   0.0205417           0
          0           0           0           0           0           0           0           0           0           0           0           0           0           0           0           0
