          0           0           0           0           0           0           0           0           0           0           0           0           0           0           0           0
          0 -0.00665299 -0.00544396 -0.00242939  0.00156439  0.00575452  0.00943411   0.0120337   0.0131837    0.012759   0.0108938  0.00796342  0.00453441  0.00129543 -0.00101637           0
          0 -0.00544396  0.00848006   0.0303887   0.0566314   0.0830695    0.105636    0.120913     0.12663    0.121997    0.107822    0.086391   0.0611257   0.0360795   0.0153434           0
          0 -0.00242939   0.0303887   0.0800227    0.138764    0.197628     0.24768    0.281367    0.293656    0.282791     0.25056    0.202025    0.144759   0.0877033   0.0398229           0
          0  0.00156439   0.0566314    0.138764    0.235528    0.332292    0.414446    0.469615    0.489543    0.471348     0.41796    0.337683    0.242935    0.148367   0.0686395           0
          0  0.00575452   0.0830695    0.197628    0.332292    0.466813    0.580934    0.657485    0.685001    0.659479    0.584987    0.473057    0.340932    0.208945   0.0974334           0
          0  0.00943411    0.105636     0.24768    0.414446    0.580934    0.722114    0.816756    0.850684    0.818945    0.726572    0.587828    0.424035     0.26034    0.121883           0
          0   0.0120337    0.120913    0.281367    0.469615    0.657485    0.816756     0.92349    0.961698    0.925793    0.821455    0.664766     0.47978    0.294855    0.138341           0
          0   0.0131837     0.12663    0.293656    0.489543    0.685001    0.850684    0.961698     1.00141    0.964025    0.855434     0.69237    0.499846    0.307354    0.144377           0
          0    0.012759    0.121997    0.282791    0.471348    0.659479    0.818945    0.925793    0.964025     0.92805     0.82355     0.66662    0.481326    0.296045    0.139144           0
          0   0.0108938    0.107822     0.25056     0.41796    0.584987    0.726572    0.821455    0.855434     0.82355    0.730843    0.591599    0.427175    0.262752    0.123507           0
          0  0.00796342    0.086391    0.202025    0.337683    0.473057    0.587828    0.664766     0.69237     0.66662    0.591599     0.47888     0.34576     0.21264   0.0999112           0
          0  0.00453441   0.0611257    0.144759    0.242935    0.340932    0.424035     0.47978    0.499846    0.481326    0.427175     0.34576    0.249594    0.153427   0.0720105           0
          0  0.00129543   0.0360795   0.0877033    0.148367    0.208945     0.26034    0.294855    0.307354    0.296045    0.262752     0.21264    0.153427   0.0942173   0.0441153           0
          0 -0.00101637   0.0153434   0.0398229   0.0686395   0.0974334    0.121883    0.138341    0.144377    0.139144    0.123507   0.0999112   0.0720105   0.0441153   0.0205391           0
          0           0           0           0           0           0           0           0           0           0           0           0           0           0           0           0
