           0            0            0            0            0            0            0            0            0            0            0            0            0            0            0            0
           0 -0.000684539   0.00134224     0.005461    0.0107702    0.0162445    0.0209062    0.0239709    0.0249407    0.0236476    0.0202661    0.0153127   0.00961976   0.00427637  0.000563046            0
           0   0.00134224    0.0131001    0.0328425    0.0569938    0.0814277     0.102139     0.115851     0.120447     0.115198     0.100834    0.0794909    0.0545085    0.0300336    0.0104834            0
           0     0.005461    0.0328425    0.0769653     0.130196     0.183708     0.228928     0.258869     0.269037     0.257885     0.226937     0.180683     0.126151    0.0720163    0.0273062            0
           0    0.0107702    0.0569938     0.130196     0.217884     0.305615     0.379462     0.428231     0.444859     0.426937     0.376806     0.301486     0.212161      0.12279    0.0478751            0
           0    0.0162445    0.0814277     0.183708     0.305615     0.426994     0.528622     0.595429     0.618207     0.593878     0.525392     0.421861     0.298296     0.173872    0.0686653            0
           0    0.0209062     0.102139     0.228928     0.379462     0.528622     0.652774     0.733934     0.761554     0.732202      0.64912     0.522708     0.370847     0.217063    0.0862874            0
           0    0.0239709     0.115851     0.258869     0.428231     0.595429     0.733934     0.824063     0.854673     0.822233     0.730038     0.589042     0.418797     0.245691    0.0979765            0
           0    0.0249407     0.120447     0.269037     0.444859     0.618207     0.761554     0.854673     0.886276     0.852823     0.757599     0.611694      0.43519     0.255465     0.101947            0
           0    0.0236476     0.115198     0.257885     0.426937     0.593878     0.732202     0.822233     0.852823     0.820437     0.728375     0.587599     0.417654     0.244906    0.0975795            0
           0    0.0202661     0.100834     0.226937     0.376806     0.525392      0.64912     0.730038     0.757599     0.728375     0.645608     0.519696      0.36849     0.215463    0.0854838            0
           0    0.0153127    0.0794909     0.180683     0.301486     0.421861     0.522708     0.589042     0.611694     0.587599     0.519696     0.417057     0.294608     0.171412     0.067448            0
           0   0.00961976    0.0545085     0.126151     0.212161     0.298296     0.370847     0.418797      0.43519     0.417654      0.36849     0.294608     0.207014     0.119456    0.0462692            0
           0   0.00427637    0.0300336    0.0720163      0.12279     0.173872     0.217063     0.245691     0.255465     0.244906     0.215463     0.171412     0.119456    0.0678909    0.0254336            0
           0  0.000563046    0.0104834    0.0273062    0.0478751    0.0686653    0.0862874    0.0979765     0.101947    0.0975795    0.0854838     0.067448    0.0462692    0.0254336   0.00872449            0
           0            0            0            0            0            0            0            0            0            0            0            0            0            0            0            0
